Blogon-BSendEmail-BUrl-BSendEmail-,BlBSBUBS
BSendEmail-BUrl-BSendEmail-BUrl-,BSBUBSBU
BUrl-BSendEmail-BUrl-BSendEmail-,BUBSBUBS
BSendEmail-BUrl-BSendEmail-BUrl-,BSBUBSBU
BUrl-BSendEmail-BUrl-CUrl-,BUBSBUCU
BSendEmail-BUrl-CUrl-CNologon-,BSBUCUCN
BUrl-CUrl-CNologon-Blogon-,BUCUCNBl
CUrl-CNologon-Blogon-BUrl-,CUCNBlBU
CNologon-Blogon-BUrl-BSendEmail-,CNBlBUBS
Blogon-BUrl-BSendEmail-BUrl-,BlBUBSBU
BUrl-BSendEmail-BUrl-BSendEmail-,BUBSBUBS
BSendEmail-BUrl-BSendEmail-BUrl-,BSBUBSBU
BUrl-BSendEmail-BUrl-CUrl-,BUBSBUCU
BSendEmail-BUrl-CUrl-CSendEmail-,BSBUCUCS
BUrl-CUrl-CSendEmail-CUrl-,BUCUCSCU
CUrl-CSendEmail-CUrl-CNologon-,CUCSCUCN
CSendEmail-CUrl-CNologon-Blogon-,CSCUCNBl
CUrl-CNologon-Blogon-BSendEmail-,CUCNBlBS
CNologon-Blogon-BSendEmail-BUrl-,CNBlBSBU
Blogon-BSendEmail-BUrl-BSendEmail-,BlBSBUBS
BSendEmail-BUrl-BSendEmail-BUrl-,BSBUBSBU
BUrl-BSendEmail-BUrl-BSendEmail-,BUBSBUBS
BSendEmail-BUrl-BSendEmail-BUrl-,BSBUBSBU
BUrl-BSendEmail-BUrl-CUrl-,BUBSBUCU
BSendEmail-BUrl-CUrl-CNologon-,BSBUCUCN
BUrl-CUrl-CNologon-Blogon-,BUCUCNBl
CUrl-CNologon-Blogon-CSendEmail-,CUCNBlCS
CNologon-Blogon-CSendEmail-CUrl-,CNBlCSCU
Blogon-CSendEmail-CUrl-CSendEmail-,BlCSCUCS
CSendEmail-CUrl-CSendEmail-CUrl-,CSCUCSCU
CUrl-CSendEmail-CUrl-CNologon-,CUCSCUCN
CSendEmail-CUrl-CNologon-Blogon-,CSCUCNBl
CUrl-CNologon-Blogon-BSendEmail-,CUCNBlBS
CNologon-Blogon-BSendEmail-BUrl-,CNBlBSBU
Blogon-BSendEmail-BUrl-BSendEmail-,BlBSBUBS
BSendEmail-BUrl-BSendEmail-BSendEmail-,BSBUBSBS
BUrl-BSendEmail-BSendEmail-BUrl-,BUBSBSBU
BSendEmail-BSendEmail-BUrl-CUrl-,BSBSBUCU
BSendEmail-BUrl-CUrl-CNologon-,BSBUCUCN
BUrl-CUrl-CNologon-Blogon-,BUCUCNBl
CUrl-CNologon-Blogon-BUrl-,CUCNBlBU
CNologon-Blogon-BUrl-BSendEmail-,CNBlBUBS
Blogon-BUrl-BSendEmail-BUrl-,BlBUBSBU
BUrl-BSendEmail-BUrl-BSendEmail-,BUBSBUBS
BSendEmail-BUrl-BSendEmail-BUrl-,BSBUBSBU
BUrl-BSendEmail-BUrl-CUrl-,BUBSBUCU
BSendEmail-BUrl-CUrl-CSendEmail-,BSBUCUCS
BUrl-CUrl-CSendEmail-CUrl-,BUCUCSCU
CUrl-CSendEmail-CUrl-CNologon-,CUCSCUCN
CSendEmail-CUrl-CNologon-Blogon-,CSCUCNBl
CUrl-CNologon-Blogon-BSendEmail-,CUCNBlBS
CNologon-Blogon-BSendEmail-BUrl-,CNBlBSBU
Blogon-BSendEmail-BUrl-CUrl-,BlBSBUCU
BSendEmail-BUrl-CUrl-CSendEmail-,BSBUCUCS
BUrl-CUrl-CSendEmail-CSendEmail-,BUCUCSCS
CUrl-CSendEmail-CSendEmail-CUrl-,CUCSCSCU
CSendEmail-CSendEmail-CUrl-CNologon-,CSCSCUCN
CSendEmail-CUrl-CNologon-Blogon-,CSCUCNBl
CUrl-CNologon-Blogon-BUrl-,CUCNBlBU
CNologon-Blogon-BUrl-BSendEmail-,CNBlBUBS
Blogon-BUrl-BSendEmail-BSendEmail-,BlBUBSBS
BUrl-BSendEmail-BSendEmail-BSendEmail-,BUBSBSBS
BSendEmail-BSendEmail-BSendEmail-BUrl-,BSBSBSBU
BSendEmail-BSendEmail-BUrl-CUrl-,BSBSBUCU
BSendEmail-BUrl-CUrl-CNologon-,BSBUCUCN
BUrl-CUrl-CNologon-Blogon-,BUCUCNBl
CUrl-CNologon-Blogon-BUrl-,CUCNBlBU
CNologon-Blogon-BUrl-CUrl-,CNBlBUCU
Blogon-BUrl-CUrl-CSendEmail-,BlBUCUCS
BUrl-CUrl-CSendEmail-CUrl-,BUCUCSCU
CUrl-CSendEmail-CUrl-CSendEmail-,CUCSCUCS
CSendEmail-CUrl-CSendEmail-CUrl-,CSCUCSCU
CUrl-CSendEmail-CUrl-CSendEmail-,CUCSCUCS
CSendEmail-CUrl-CSendEmail-CUrl-,CSCUCSCU
CUrl-CSendEmail-CUrl-CNologon-,CUCSCUCN
CSendEmail-CUrl-CNologon-Blogon-,CSCUCNBl
CUrl-CNologon-Blogon-BUrl-,CUCNBlBU
CNologon-Blogon-BUrl-BSendEmail-,CNBlBUBS
Blogon-BUrl-BSendEmail-BSendEmail-,BlBUBSBS
BUrl-BSendEmail-BSendEmail-BUrl-,BUBSBSBU
BSendEmail-BSendEmail-BUrl-CUrl-,BSBSBUCU
BSendEmail-BUrl-CUrl-CSendEmail-,BSBUCUCS
BUrl-CUrl-CSendEmail-CUrl-,BUCUCSCU
CUrl-CSendEmail-CUrl-CNologon-,CUCSCUCN
CSendEmail-CUrl-CNologon-Blogon-,CSCUCNBl
CUrl-CNologon-Blogon-BUrl-,CUCNBlBU
CNologon-Blogon-BUrl-BSendEmail-,CNBlBUBS
Blogon-BUrl-BSendEmail-BUrl-,BlBUBSBU
BUrl-BSendEmail-BUrl-CUrl-,BUBSBUCU
BSendEmail-BUrl-CUrl-CSendEmail-,BSBUCUCS
BUrl-CUrl-CSendEmail-CUrl-,BUCUCSCU
CUrl-CSendEmail-CUrl-CSendEmail-,CUCSCUCS
CSendEmail-CUrl-CSendEmail-CUrl-,CSCUCSCU
CUrl-CSendEmail-CUrl-CNologon-,CUCSCUCN
CSendEmail-CUrl-CNologon-Blogon-,CSCUCNBl
CUrl-CNologon-Blogon-BUrl-,CUCNBlBU
CNologon-Blogon-BUrl-BSendEmail-,CNBlBUBS
Blogon-BUrl-BSendEmail-BUrl-,BlBUBSBU
BUrl-BSendEmail-BUrl-CSendEmail-,BUBSBUCS
BSendEmail-BUrl-CSendEmail-CUrl-,BSBUCSCU
BUrl-CSendEmail-CUrl-CSendEmail-,BUCSCUCS
CSendEmail-CUrl-CSendEmail-CUrl-,CSCUCSCU
CUrl-CSendEmail-CUrl-CNologon-,CUCSCUCN
CSendEmail-CUrl-CNologon-Blogon-,CSCUCNBl
CUrl-CNologon-Blogon-BUrl-,CUCNBlBU
CNologon-Blogon-BUrl-BSendEmail-,CNBlBUBS
Blogon-BUrl-BSendEmail-BUrl-,BlBUBSBU
BUrl-BSendEmail-BUrl-BSendEmail-,BUBSBUBS
BSendEmail-BUrl-BSendEmail-BUrl-,BSBUBSBU
BUrl-BSendEmail-BUrl-CUrl-,BUBSBUCU
BSendEmail-BUrl-CUrl-CNologon-,BSBUCUCN
BUrl-CUrl-CNologon-Blogon-,BUCUCNBl
CUrl-CNologon-Blogon-BUrl-,CUCNBlBU
CNologon-Blogon-BUrl-BSendEmail-,CNBlBUBS
Blogon-BUrl-BSendEmail-BSendEmail-,BlBUBSBS
BUrl-BSendEmail-BSendEmail-BSendEmail-,BUBSBSBS
BSendEmail-BSendEmail-BSendEmail-BUrl-,BSBSBSBU
BSendEmail-BSendEmail-BUrl-CUrl-,BSBSBUCU
BSendEmail-BUrl-CUrl-CNologon-,BSBUCUCN
BUrl-CUrl-CNologon-Blogon-,BUCUCNBl
CUrl-CNologon-Blogon-BUrl-,CUCNBlBU
CNologon-Blogon-BUrl-CUrl-,CNBlBUCU
Blogon-BUrl-CUrl-CSendEmail-,BlBUCUCS
BUrl-CUrl-CSendEmail-CUrl-,BUCUCSCU
CUrl-CSendEmail-CUrl-CSendEmail-,CUCSCUCS
CSendEmail-CUrl-CSendEmail-CSendEmail-,CSCUCSCS
CUrl-CSendEmail-CSendEmail-CNologon-,CUCSCSCN
CSendEmail-CSendEmail-CNologon-Blogon-,CSCSCNBl
CSendEmail-CNologon-Blogon-BUrl-,CSCNBlBU
CNologon-Blogon-BUrl-BSendEmail-,CNBlBUBS
Blogon-BUrl-BSendEmail-BSendEmail-,BlBUBSBS
BUrl-BSendEmail-BSendEmail-BSendEmail-,BUBSBSBS
BSendEmail-BSendEmail-BSendEmail-BUrl-,BSBSBSBU
BSendEmail-BSendEmail-BUrl-CUrl-,BSBSBUCU
BSendEmail-BUrl-CUrl-CNologon-,BSBUCUCN
BUrl-CUrl-CNologon-Blogon-,BUCUCNBl
CUrl-CNologon-Blogon-BUrl-,CUCNBlBU
CNologon-Blogon-BUrl-BSendEmail-,CNBlBUBS
Blogon-BUrl-BSendEmail-BSendEmail-,BlBUBSBS
BUrl-BSendEmail-BSendEmail-CUrl-,BUBSBSCU
BSendEmail-BSendEmail-CUrl-CSendEmail-,BSBSCUCS
BSendEmail-CUrl-CSendEmail-CUrl-,BSCUCSCU
CUrl-CSendEmail-CUrl-CNologon-,CUCSCUCN
CSendEmail-CUrl-CNologon-Blogon-,CSCUCNBl
CUrl-CNologon-Blogon-BUrl-,CUCNBlBU
CNologon-Blogon-BUrl-BSendEmail-,CNBlBUBS
Blogon-BUrl-BSendEmail-BUrl-,BlBUBSBU
BUrl-BSendEmail-BUrl-CUrl-,BUBSBUCU
BSendEmail-BUrl-CUrl-CSendEmail-,BSBUCUCS
BUrl-CUrl-CSendEmail-CSendEmail-,BUCUCSCS
CUrl-CSendEmail-CSendEmail-CUrl-,CUCSCSCU
CSendEmail-CSendEmail-CUrl-CNologon-,CSCSCUCN
CSendEmail-CUrl-CNologon-Blogon-,CSCUCNBl
CUrl-CNologon-Blogon-BUrl-,CUCNBlBU
CNologon-Blogon-BUrl-BSendEmail-,CNBlBUBS
Blogon-BUrl-BSendEmail-BUrl-,BlBUBSBU
BUrl-BSendEmail-BUrl-BSendEmail-,BUBSBUBS
BSendEmail-BUrl-BSendEmail-BUrl-,BSBUBSBU
BUrl-BSendEmail-BUrl-CUrl-,BUBSBUCU
BSendEmail-BUrl-CUrl-CSendEmail-,BSBUCUCS
BUrl-CUrl-CSendEmail-CNologon-,BUCUCSCN
CUrl-CSendEmail-CNologon-Blogon-,CUCSCNBl
CSendEmail-CNologon-Blogon-BUrl-,CSCNBlBU
CNologon-Blogon-BUrl-CUrl-,CNBlBUCU
Blogon-BUrl-CUrl-CSendEmail-,BlBUCUCS
BUrl-CUrl-CSendEmail-CSendEmail-,BUCUCSCS
CUrl-CSendEmail-CSendEmail-CUrl-,CUCSCSCU
CSendEmail-CSendEmail-CUrl-CNologon-,CSCSCUCN
CSendEmail-CUrl-CNologon-Blogon-,CSCUCNBl
CUrl-CNologon-Blogon-BUrl-,CUCNBlBU
CNologon-Blogon-BUrl-BSendEmail-,CNBlBUBS
Blogon-BUrl-BSendEmail-BUrl-,BlBUBSBU
BUrl-BSendEmail-BUrl-BSendEmail-,BUBSBUBS
BSendEmail-BUrl-BSendEmail-BUrl-,BSBUBSBU
BUrl-BSendEmail-BUrl-CUrl-,BUBSBUCU
BSendEmail-BUrl-CUrl-CSendEmail-,BSBUCUCS
BUrl-CUrl-CSendEmail-CUrl-,BUCUCSCU
CUrl-CSendEmail-CUrl-CNologon-,CUCSCUCN
CSendEmail-CUrl-CNologon-Blogon-,CSCUCNBl
CUrl-CNologon-Blogon-BSendEmail-,CUCNBlBS
CNologon-Blogon-BSendEmail-BUrl-,CNBlBSBU
Blogon-BSendEmail-BUrl-CUrl-,BlBSBUCU
BSendEmail-BUrl-CUrl-CSendEmail-,BSBUCUCS
BUrl-CUrl-CSendEmail-CSendEmail-,BUCUCSCS
CUrl-CSendEmail-CSendEmail-CUrl-,CUCSCSCU
CSendEmail-CSendEmail-CUrl-CNologon-,CSCSCUCN
CSendEmail-CUrl-CNologon-Blogon-,CSCUCNBl
CUrl-CNologon-Blogon-BUrl-,CUCNBlBU
CNologon-Blogon-BUrl-BSendEmail-,CNBlBUBS
Blogon-BUrl-BSendEmail-BUrl-,BlBUBSBU
BUrl-BSendEmail-BUrl-CUrl-,BUBSBUCU
BSendEmail-BUrl-CUrl-CSendEmail-,BSBUCUCS
BUrl-CUrl-CSendEmail-CSendEmail-,BUCUCSCS
CUrl-CSendEmail-CSendEmail-CUrl-,CUCSCSCU
CSendEmail-CSendEmail-CUrl-CNologon-,CSCSCUCN
CSendEmail-CUrl-CNologon-Blogon-,CSCUCNBl
CUrl-CNologon-Blogon-BUrl-,CUCNBlBU
CNologon-Blogon-BUrl-CUrl-,CNBlBUCU
Blogon-BUrl-CUrl-CSendEmail-,BlBUCUCS
BUrl-CUrl-CSendEmail-CSendEmail-,BUCUCSCS
CUrl-CSendEmail-CSendEmail-CSendEmail-,CUCSCSCS
CSendEmail-CSendEmail-CSendEmail-CUrl-,CSCSCSCU
CSendEmail-CSendEmail-CUrl-CNologon-,CSCSCUCN
CSendEmail-CUrl-CNologon-Blogon-,CSCUCNBl
CUrl-CNologon-Blogon-BUrl-,CUCNBlBU
CNologon-Blogon-BUrl-CUrl-,CNBlBUCU
Blogon-BUrl-CUrl-CSendEmail-,BlBUCUCS
BUrl-CUrl-CSendEmail-CUrl-,BUCUCSCU
CUrl-CSendEmail-CUrl-CSendEmail-,CUCSCUCS
CSendEmail-CUrl-CSendEmail-CUrl-,CSCUCSCU
CUrl-CSendEmail-CUrl-CSendEmail-,CUCSCUCS
CSendEmail-CUrl-CSendEmail-CNologon-,CSCUCSCN
CUrl-CSendEmail-CNologon-Blogon-,CUCSCNBl
CSendEmail-CNologon-Blogon-BUrl-,CSCNBlBU
CNologon-Blogon-BUrl-CUrl-,CNBlBUCU
Blogon-BUrl-CUrl-CSendEmail-,BlBUCUCS
BUrl-CUrl-CSendEmail-CSendEmail-,BUCUCSCS
CUrl-CSendEmail-CSendEmail-CUrl-,CUCSCSCU
CSendEmail-CSendEmail-CUrl-CSendEmail-,CSCSCUCS
CSendEmail-CUrl-CSendEmail-CUrl-,CSCUCSCU
CUrl-CSendEmail-CUrl-CNologon-,CUCSCUCN
CSendEmail-CUrl-CNologon-Blogon-,CSCUCNBl
CUrl-CNologon-Blogon-BUrl-,CUCNBlBU
CNologon-Blogon-BUrl-CUrl-,CNBlBUCU
Blogon-BUrl-CUrl-CSendEmail-,BlBUCUCS
BUrl-CUrl-CSendEmail-CUrl-,BUCUCSCU
CUrl-CSendEmail-CUrl-CSendEmail-,CUCSCUCS
CSendEmail-CUrl-CSendEmail-CUrl-,CSCUCSCU
CUrl-CSendEmail-CUrl-CSendEmail-,CUCSCUCS
CSendEmail-CUrl-CSendEmail-CUrl-,CSCUCSCU
CUrl-CSendEmail-CUrl-CNologon-,CUCSCUCN
CSendEmail-CUrl-CNologon-Blogon-,CSCUCNBl
CUrl-CNologon-Blogon-BUrl-,CUCNBlBU
CNologon-Blogon-BUrl-BSendEmail-,CNBlBUBS
Blogon-BUrl-BSendEmail-BUrl-,BlBUBSBU
BUrl-BSendEmail-BUrl-BSendEmail-,BUBSBUBS
BSendEmail-BUrl-BSendEmail-BUrl-,BSBUBSBU
BUrl-BSendEmail-BUrl-BSendEmail-,BUBSBUBS
BSendEmail-BUrl-BSendEmail-BUrl-,BSBUBSBU
BUrl-BSendEmail-BUrl-CUrl-,BUBSBUCU
BSendEmail-BUrl-CUrl-CNologon-,BSBUCUCN
BUrl-CUrl-CNologon-Blogon-,BUCUCNBl
CUrl-CNologon-Blogon-BUrl-,CUCNBlBU
CNologon-Blogon-BUrl-BSendEmail-,CNBlBUBS
Blogon-BUrl-BSendEmail-CUrl-,BlBUBSCU
BUrl-BSendEmail-CUrl-CSendEmail-,BUBSCUCS
BSendEmail-CUrl-CSendEmail-CUrl-,BSCUCSCU
CUrl-CSendEmail-CUrl-CSendEmail-,CUCSCUCS
CSendEmail-CUrl-CSendEmail-CNologon-,CSCUCSCN
CUrl-CSendEmail-CNologon-Blogon-,CUCSCNBl
CSendEmail-CNologon-Blogon-BUrl-,CSCNBlBU
CNologon-Blogon-BUrl-CUrl-,CNBlBUCU
Blogon-BUrl-CUrl-CSendEmail-,BlBUCUCS
BUrl-CUrl-CSendEmail-CUrl-,BUCUCSCU
CUrl-CSendEmail-CUrl-CSendEmail-,CUCSCUCS
CSendEmail-CUrl-CSendEmail-CUrl-,CSCUCSCU
CUrl-CSendEmail-CUrl-CSendEmail-,CUCSCUCS
CSendEmail-CUrl-CSendEmail-CUrl-,CSCUCSCU
CUrl-CSendEmail-CUrl-CNologon-,CUCSCUCN
CSendEmail-CUrl-CNologon-Blogon-,CSCUCNBl
CUrl-CNologon-Blogon-BUrl-,CUCNBlBU
CNologon-Blogon-BUrl-BSendEmail-,CNBlBUBS
Blogon-BUrl-BSendEmail-BUrl-,BlBUBSBU
BUrl-BSendEmail-BUrl-CUrl-,BUBSBUCU
BSendEmail-BUrl-CUrl-CSendEmail-,BSBUCUCS
BUrl-CUrl-CSendEmail-CUrl-,BUCUCSCU
CUrl-CSendEmail-CUrl-CSendEmail-,CUCSCUCS
CSendEmail-CUrl-CSendEmail-CUrl-,CSCUCSCU
CUrl-CSendEmail-CUrl-CNologon-,CUCSCUCN
CSendEmail-CUrl-CNologon-Blogon-,CSCUCNBl
CUrl-CNologon-Blogon-BUrl-,CUCNBlBU
CNologon-Blogon-BUrl-CUrl-,CNBlBUCU
Blogon-BUrl-CUrl-CSendEmail-,BlBUCUCS
BUrl-CUrl-CSendEmail-CSendEmail-,BUCUCSCS
CUrl-CSendEmail-CSendEmail-CUrl-,CUCSCSCU
CSendEmail-CSendEmail-CUrl-CSendEmail-,CSCSCUCS
CSendEmail-CUrl-CSendEmail-CUrl-,CSCUCSCU
CUrl-CSendEmail-CUrl-CNologon-,CUCSCUCN
CSendEmail-CUrl-CNologon-Blogon-,CSCUCNBl
CUrl-CNologon-Blogon-BUrl-,CUCNBlBU
CNologon-Blogon-BUrl-BSendEmail-,CNBlBUBS
Blogon-BUrl-BSendEmail-BSendEmail-,BlBUBSBS
BUrl-BSendEmail-BSendEmail-BSendEmail-,BUBSBSBS
BSendEmail-BSendEmail-BSendEmail-BUrl-,BSBSBSBU
BSendEmail-BSendEmail-BUrl-CUrl-,BSBSBUCU
BSendEmail-BUrl-CUrl-CNologon-,BSBUCUCN
BUrl-CUrl-CNologon-Blogon-,BUCUCNBl
CUrl-CNologon-Blogon-BUrl-,CUCNBlBU
CNologon-Blogon-BUrl-BSendEmail-,CNBlBUBS
Blogon-BUrl-BSendEmail-BSendEmail-,BlBUBSBS
BUrl-BSendEmail-BSendEmail-BSendEmail-,BUBSBSBS
BSendEmail-BSendEmail-BSendEmail-BUrl-,BSBSBSBU
BSendEmail-BSendEmail-BUrl-CUrl-,BSBSBUCU
BSendEmail-BUrl-CUrl-CNologon-,BSBUCUCN
BUrl-CUrl-CNologon-Blogon-,BUCUCNBl
CUrl-CNologon-Blogon-BUrl-,CUCNBlBU
CNologon-Blogon-BUrl-CUrl-,CNBlBUCU
Blogon-BUrl-CUrl-CSendEmail-,BlBUCUCS
BUrl-CUrl-CSendEmail-CUrl-,BUCUCSCU
CUrl-CSendEmail-CUrl-CSendEmail-,CUCSCUCS
CSendEmail-CUrl-CSendEmail-CUrl-,CSCUCSCU
CUrl-CSendEmail-CUrl-CSendEmail-,CUCSCUCS
CSendEmail-CUrl-CSendEmail-CUrl-,CSCUCSCU
CUrl-CSendEmail-CUrl-CNologon-,CUCSCUCN
CSendEmail-CUrl-CNologon-Blogon-,CSCUCNBl
CUrl-CNologon-Blogon-BUrl-,CUCNBlBU
CNologon-Blogon-BUrl-BSendEmail-,CNBlBUBS
Blogon-BUrl-BSendEmail-BSendEmail-,BlBUBSBS
BUrl-BSendEmail-BSendEmail-BSendEmail-,BUBSBSBS
BSendEmail-BSendEmail-BSendEmail-BUrl-,BSBSBSBU
BSendEmail-BSendEmail-BUrl-CUrl-,BSBSBUCU
BSendEmail-BUrl-CUrl-CNologon-,BSBUCUCN
BUrl-CUrl-CNologon-Blogon-,BUCUCNBl
CUrl-CNologon-Blogon-BUrl-,CUCNBlBU
CNologon-Blogon-BUrl-BSendEmail-,CNBlBUBS
Blogon-BUrl-BSendEmail-BUrl-,BlBUBSBU
BUrl-BSendEmail-BUrl-BSendEmail-,BUBSBUBS
BSendEmail-BUrl-BSendEmail-BUrl-,BSBUBSBU
BUrl-BSendEmail-BUrl-CUrl-,BUBSBUCU
BSendEmail-BUrl-CUrl-CSendEmail-,BSBUCUCS
BUrl-CUrl-CSendEmail-CUrl-,BUCUCSCU
CUrl-CSendEmail-CUrl-CNologon-,CUCSCUCN
CSendEmail-CUrl-CNologon-Blogon-,CSCUCNBl
CUrl-CNologon-Blogon-BUrl-,CUCNBlBU
CNologon-Blogon-BUrl-CUrl-,CNBlBUCU
Blogon-BUrl-CUrl-CSendEmail-,BlBUCUCS
BUrl-CUrl-CSendEmail-CUrl-,BUCUCSCU
CUrl-CSendEmail-CUrl-CNologon-,CUCSCUCN
CSendEmail-CUrl-CNologon-Blogon-,CSCUCNBl
CUrl-CNologon-Blogon-BUrl-,CUCNBlBU
CNologon-Blogon-BUrl-BSendEmail-,CNBlBUBS
Blogon-BUrl-BSendEmail-BSendEmail-,BlBUBSBS
BUrl-BSendEmail-BSendEmail-BUrl-,BUBSBSBU
BSendEmail-BSendEmail-BUrl-BSendEmail-,BSBSBUBS
BSendEmail-BUrl-BSendEmail-BUrl-,BSBUBSBU
BUrl-BSendEmail-BUrl-CUrl-,BUBSBUCU
BSendEmail-BUrl-CUrl-CNologon-,BSBUCUCN
BUrl-CUrl-CNologon-Blogon-,BUCUCNBl
CUrl-CNologon-Blogon-BUrl-,CUCNBlBU
CNologon-Blogon-BUrl-CUrl-,CNBlBUCU
Blogon-BUrl-CUrl-CSendEmail-,BlBUCUCS
BUrl-CUrl-CSendEmail-CSendEmail-,BUCUCSCS
CUrl-CSendEmail-CSendEmail-CUrl-,CUCSCSCU
CSendEmail-CSendEmail-CUrl-CSendEmail-,CSCSCUCS
CSendEmail-CUrl-CSendEmail-CUrl-,CSCUCSCU
CUrl-CSendEmail-CUrl-CNologon-,CUCSCUCN
CSendEmail-CUrl-CNologon-Blogon-,CSCUCNBl
CUrl-CNologon-Blogon-BSendEmail-,CUCNBlBS
CNologon-Blogon-BSendEmail-BUrl-,CNBlBSBU
Blogon-BSendEmail-BUrl-BSendEmail-,BlBSBUBS
BSendEmail-BUrl-BSendEmail-BUrl-,BSBUBSBU
BUrl-BSendEmail-BUrl-CUrl-,BUBSBUCU
BSendEmail-BUrl-CUrl-CSendEmail-,BSBUCUCS
BUrl-CUrl-CSendEmail-CUrl-,BUCUCSCU
CUrl-CSendEmail-CUrl-CNologon-,CUCSCUCN
CSendEmail-CUrl-CNologon-Blogon-,CSCUCNBl
CUrl-CNologon-Blogon-BUrl-,CUCNBlBU
CNologon-Blogon-BUrl-BSendEmail-,CNBlBUBS
Blogon-BUrl-BSendEmail-BUrl-,BlBUBSBU
BUrl-BSendEmail-BUrl-CUrl-,BUBSBUCU
BSendEmail-BUrl-CUrl-CSendEmail-,BSBUCUCS
BUrl-CUrl-CSendEmail-CSendEmail-,BUCUCSCS
CUrl-CSendEmail-CSendEmail-CUrl-,CUCSCSCU
CSendEmail-CSendEmail-CUrl-CNologon-,CSCSCUCN
CSendEmail-CUrl-CNologon-Blogon-,CSCUCNBl
CUrl-CNologon-Blogon-BUrl-,CUCNBlBU
CNologon-Blogon-BUrl-CUrl-,CNBlBUCU
Blogon-BUrl-CUrl-CSendEmail-,BlBUCUCS
BUrl-CUrl-CSendEmail-CSendEmail-,BUCUCSCS
CUrl-CSendEmail-CSendEmail-CSendEmail-,CUCSCSCS
CSendEmail-CSendEmail-CSendEmail-CUrl-,CSCSCSCU
CSendEmail-CSendEmail-CUrl-CNologon-,CSCSCUCN
CSendEmail-CUrl-CNologon-Blogon-,CSCUCNBl
CUrl-CNologon-Blogon-BUrl-,CUCNBlBU
CNologon-Blogon-BUrl-BSendEmail-,CNBlBUBS
Blogon-BUrl-BSendEmail-BUrl-,BlBUBSBU
BUrl-BSendEmail-BUrl-BSendEmail-,BUBSBUBS
BSendEmail-BUrl-BSendEmail-BSendEmail-,BSBUBSBS
BUrl-BSendEmail-BSendEmail-BUrl-,BUBSBSBU
BSendEmail-BSendEmail-BUrl-CUrl-,BSBSBUCU
BSendEmail-BUrl-CUrl-CNologon-,BSBUCUCN
BUrl-CUrl-CNologon-Blogon-,BUCUCNBl
CUrl-CNologon-Blogon-BUrl-,CUCNBlBU
CNologon-Blogon-BUrl-BSendEmail-,CNBlBUBS
Blogon-BUrl-BSendEmail-CSendEmail-,BlBUBSCS
BUrl-BSendEmail-CSendEmail-CUrl-,BUBSCSCU
BSendEmail-CSendEmail-CUrl-CSendEmail-,BSCSCUCS
CSendEmail-CUrl-CSendEmail-CUrl-,CSCUCSCU
CUrl-CSendEmail-CUrl-CNologon-,CUCSCUCN
CSendEmail-CUrl-CNologon-Blogon-,CSCUCNBl
CUrl-CNologon-Blogon-BUrl-,CUCNBlBU
CNologon-Blogon-BUrl-BSendEmail-,CNBlBUBS
Blogon-BUrl-BSendEmail-BUrl-,BlBUBSBU
BUrl-BSendEmail-BUrl-BSendEmail-,BUBSBUBS
BSendEmail-BUrl-BSendEmail-BUrl-,BSBUBSBU
BUrl-BSendEmail-BUrl-BSendEmail-,BUBSBUBS
BSendEmail-BUrl-BSendEmail-BUrl-,BSBUBSBU
BUrl-BSendEmail-BUrl-CUrl-,BUBSBUCU
BSendEmail-BUrl-CUrl-CNologon-,BSBUCUCN
BUrl-CUrl-CNologon-Blogon-,BUCUCNBl
CUrl-CNologon-Blogon-BUrl-,CUCNBlBU
CNologon-Blogon-BUrl-BSendEmail-,CNBlBUBS
Blogon-BUrl-BSendEmail-BSendEmail-,BlBUBSBS
BUrl-BSendEmail-BSendEmail-BUrl-,BUBSBSBU
BSendEmail-BSendEmail-BUrl-BSendEmail-,BSBSBUBS
BSendEmail-BUrl-BSendEmail-BUrl-,BSBUBSBU
BUrl-BSendEmail-BUrl-CUrl-,BUBSBUCU
BSendEmail-BUrl-CUrl-CNologon-,BSBUCUCN
BUrl-CUrl-CNologon-Blogon-,BUCUCNBl
CUrl-CNologon-Blogon-BSendEmail-,CUCNBlBS
CNologon-Blogon-BSendEmail-BUrl-,CNBlBSBU
Blogon-BSendEmail-BUrl-BSendEmail-,BlBSBUBS
BSendEmail-BUrl-BSendEmail-BUrl-,BSBUBSBU
BUrl-BSendEmail-BUrl-BSendEmail-,BUBSBUBS
BSendEmail-BUrl-BSendEmail-BUrl-,BSBUBSBU
BUrl-BSendEmail-BUrl-CUrl-,BUBSBUCU
BSendEmail-BUrl-CUrl-CNologon-,BSBUCUCN
BUrl-CUrl-CNologon-Blogon-,BUCUCNBl
CUrl-CNologon-Blogon-BUrl-,CUCNBlBU
CNologon-Blogon-BUrl-CSendEmail-,CNBlBUCS
Blogon-BUrl-CSendEmail-CSendEmail-,BlBUCSCS
BUrl-CSendEmail-CSendEmail-CSendEmail-,BUCSCSCS
CSendEmail-CSendEmail-CSendEmail-CUrl-,CSCSCSCU
CSendEmail-CSendEmail-CUrl-CNologon-,CSCSCUCN
CSendEmail-CUrl-CNologon-Blogon-,CSCUCNBl
CUrl-CNologon-Blogon-BUrl-,CUCNBlBU
CNologon-Blogon-BUrl-CUrl-,CNBlBUCU
Blogon-BUrl-CUrl-CSendEmail-,BlBUCUCS
BUrl-CUrl-CSendEmail-CSendEmail-,BUCUCSCS
CUrl-CSendEmail-CSendEmail-CUrl-,CUCSCSCU
CSendEmail-CSendEmail-CUrl-CSendEmail-,CSCSCUCS
CSendEmail-CUrl-CSendEmail-CNologon-,CSCUCSCN
CUrl-CSendEmail-CNologon-Blogon-,CUCSCNBl
CSendEmail-CNologon-Blogon-BUrl-,CSCNBlBU
CNologon-Blogon-BUrl-BSendEmail-,CNBlBUBS
Blogon-BUrl-BSendEmail-BUrl-,BlBUBSBU
BUrl-BSendEmail-BUrl-BSendEmail-,BUBSBUBS
BSendEmail-BUrl-BSendEmail-BSendEmail-,BSBUBSBS
BUrl-BSendEmail-BSendEmail-CUrl-,BUBSBSCU
BSendEmail-BSendEmail-CUrl-CNologon-,BSBSCUCN
BSendEmail-CUrl-CNologon-Blogon-,BSCUCNBl
CUrl-CNologon-Blogon-BUrl-,CUCNBlBU
CNologon-Blogon-BUrl-BSendEmail-,CNBlBUBS
Blogon-BUrl-BSendEmail-BSendEmail-,BlBUBSBS
BUrl-BSendEmail-BSendEmail-BUrl-,BUBSBSBU
BSendEmail-BSendEmail-BUrl-CUrl-,BSBSBUCU
BSendEmail-BUrl-CUrl-CSendEmail-,BSBUCUCS
BUrl-CUrl-CSendEmail-CUrl-,BUCUCSCU
CUrl-CSendEmail-CUrl-CNologon-,CUCSCUCN
CSendEmail-CUrl-CNologon-Blogon-,CSCUCNBl
CUrl-CNologon-Blogon-BUrl-,CUCNBlBU
CNologon-Blogon-BUrl-BSendEmail-,CNBlBUBS
Blogon-BUrl-BSendEmail-BUrl-,BlBUBSBU
BUrl-BSendEmail-BUrl-CUrl-,BUBSBUCU
BSendEmail-BUrl-CUrl-CSendEmail-,BSBUCUCS
BUrl-CUrl-CSendEmail-CSendEmail-,BUCUCSCS
CUrl-CSendEmail-CSendEmail-CUrl-,CUCSCSCU
CSendEmail-CSendEmail-CUrl-CNologon-,CSCSCUCN
CSendEmail-CUrl-CNologon-Blogon-,CSCUCNBl
CUrl-CNologon-Blogon-BUrl-,CUCNBlBU
CNologon-Blogon-BUrl-BSendEmail-,CNBlBUBS
Blogon-BUrl-BSendEmail-BSendEmail-,BlBUBSBS
BUrl-BSendEmail-BSendEmail-BUrl-,BUBSBSBU
BSendEmail-BSendEmail-BUrl-CSendEmail-,BSBSBUCS
BSendEmail-BUrl-CSendEmail-CUrl-,BSBUCSCU
BUrl-CSendEmail-CUrl-CNologon-,BUCSCUCN
CSendEmail-CUrl-CNologon-Blogon-,CSCUCNBl
CUrl-CNologon-Blogon-BUrl-,CUCNBlBU
CNologon-Blogon-BUrl-BSendEmail-,CNBlBUBS
Blogon-BUrl-BSendEmail-BSendEmail-,BlBUBSBS
BUrl-BSendEmail-BSendEmail-BUrl-,BUBSBSBU
BSendEmail-BSendEmail-BUrl-CUrl-,BSBSBUCU
BSendEmail-BUrl-CUrl-CSendEmail-,BSBUCUCS
BUrl-CUrl-CSendEmail-CUrl-,BUCUCSCU
CUrl-CSendEmail-CUrl-CNologon-,CUCSCUCN
CSendEmail-CUrl-CNologon-Blogon-,CSCUCNBl
CUrl-CNologon-Blogon-BUrl-,CUCNBlBU
CNologon-Blogon-BUrl-BSendEmail-,CNBlBUBS
Blogon-BUrl-BSendEmail-BUrl-,BlBUBSBU
BUrl-BSendEmail-BUrl-BSendEmail-,BUBSBUBS
BSendEmail-BUrl-BSendEmail-BUrl-,BSBUBSBU
BUrl-BSendEmail-BUrl-CSendEmail-,BUBSBUCS
BSendEmail-BUrl-CSendEmail-CUrl-,BSBUCSCU
BUrl-CSendEmail-CUrl-CNologon-,BUCSCUCN
CSendEmail-CUrl-CNologon-Blogon-,CSCUCNBl
CUrl-CNologon-Blogon-BUrl-,CUCNBlBU
CNologon-Blogon-BUrl-BSendEmail-,CNBlBUBS
Blogon-BUrl-BSendEmail-BUrl-,BlBUBSBU
BUrl-BSendEmail-BUrl-CSendEmail-,BUBSBUCS
BSendEmail-BUrl-CSendEmail-CSendEmail-,BSBUCSCS
BUrl-CSendEmail-CSendEmail-CUrl-,BUCSCSCU
CSendEmail-CSendEmail-CUrl-CNologon-,CSCSCUCN
CSendEmail-CUrl-CNologon-Blogon-,CSCUCNBl
CUrl-CNologon-Blogon-BUrl-,CUCNBlBU
CNologon-Blogon-BUrl-BSendEmail-,CNBlBUBS
Blogon-BUrl-BSendEmail-BSendEmail-,BlBUBSBS
BUrl-BSendEmail-BSendEmail-BUrl-,BUBSBSBU
BSendEmail-BSendEmail-BUrl-BSendEmail-,BSBSBUBS
BSendEmail-BUrl-BSendEmail-BUrl-,BSBUBSBU
BUrl-BSendEmail-BUrl-CUrl-,BUBSBUCU
BSendEmail-BUrl-CUrl-CNologon-,BSBUCUCN
BUrl-CUrl-CNologon-Blogon-,BUCUCNBl
CUrl-CNologon-Blogon-BUrl-,CUCNBlBU
CNologon-Blogon-BUrl-BSendEmail-,CNBlBUBS
Blogon-BUrl-BSendEmail-BUrl-,BlBUBSBU
BUrl-BSendEmail-BUrl-BSendEmail-,BUBSBUBS
BSendEmail-BUrl-BSendEmail-BUrl-,BSBUBSBU
BUrl-BSendEmail-BUrl-CUrl-,BUBSBUCU
BSendEmail-BUrl-CUrl-CSendEmail-,BSBUCUCS
BUrl-CUrl-CSendEmail-CUrl-,BUCUCSCU
CUrl-CSendEmail-CUrl-CNologon-,CUCSCUCN
CSendEmail-CUrl-CNologon-Blogon-,CSCUCNBl
CUrl-CNologon-Blogon-BUrl-,CUCNBlBU
CNologon-Blogon-BUrl-BSendEmail-,CNBlBUBS
Blogon-BUrl-BSendEmail-BSendEmail-,BlBUBSBS
BUrl-BSendEmail-BSendEmail-BUrl-,BUBSBSBU
BSendEmail-BSendEmail-BUrl-CUrl-,BSBSBUCU
BSendEmail-BUrl-CUrl-CSendEmail-,BSBUCUCS
BUrl-CUrl-CSendEmail-CUrl-,BUCUCSCU
CUrl-CSendEmail-CUrl-CNologon-,CUCSCUCN
CSendEmail-CUrl-CNologon-Blogon-,CSCUCNBl
CUrl-CNologon-Blogon-BUrl-,CUCNBlBU
CNologon-Blogon-BUrl-BSendEmail-,CNBlBUBS
Blogon-BUrl-BSendEmail-BSendEmail-,BlBUBSBS
BUrl-BSendEmail-BSendEmail-BUrl-,BUBSBSBU
BSendEmail-BSendEmail-BUrl-BSendEmail-,BSBSBUBS
BSendEmail-BUrl-BSendEmail-BUrl-,BSBUBSBU
BUrl-BSendEmail-BUrl-CUrl-,BUBSBUCU
BSendEmail-BUrl-CUrl-CNologon-,BSBUCUCN
BUrl-CUrl-CNologon-Blogon-,BUCUCNBl
CUrl-CNologon-Blogon-BUrl-,CUCNBlBU
CNologon-Blogon-BUrl-CUrl-,CNBlBUCU
Blogon-BUrl-CUrl-CSendEmail-,BlBUCUCS
BUrl-CUrl-CSendEmail-CUrl-,BUCUCSCU
CUrl-CSendEmail-CUrl-CSendEmail-,CUCSCUCS
CSendEmail-CUrl-CSendEmail-CUrl-,CSCUCSCU
CUrl-CSendEmail-CUrl-CSendEmail-,CUCSCUCS
CSendEmail-CUrl-CSendEmail-CUrl-,CSCUCSCU
CUrl-CSendEmail-CUrl-CNologon-,CUCSCUCN
CSendEmail-CUrl-CNologon-Blogon-,CSCUCNBl
CUrl-CNologon-Blogon-BUrl-,CUCNBlBU
CNologon-Blogon-BUrl-BSendEmail-,CNBlBUBS
Blogon-BUrl-BSendEmail-BUrl-,BlBUBSBU
BUrl-BSendEmail-BUrl-BSendEmail-,BUBSBUBS
BSendEmail-BUrl-BSendEmail-CSendEmail-,BSBUBSCS
BUrl-BSendEmail-CSendEmail-CUrl-,BUBSCSCU
BSendEmail-CSendEmail-CUrl-CNologon-,BSCSCUCN
CSendEmail-CUrl-CNologon-Blogon-,CSCUCNBl
CUrl-CNologon-Blogon-BUrl-,CUCNBlBU
CNologon-Blogon-BUrl-BSendEmail-,CNBlBUBS
Blogon-BUrl-BSendEmail-BSendEmail-,BlBUBSBS
BUrl-BSendEmail-BSendEmail-BUrl-,BUBSBSBU
BSendEmail-BSendEmail-BUrl-CUrl-,BSBSBUCU
BSendEmail-BUrl-CUrl-CSendEmail-,BSBUCUCS
BUrl-CUrl-CSendEmail-CUrl-,BUCUCSCU
CUrl-CSendEmail-CUrl-CNologon-,CUCSCUCN
CSendEmail-CUrl-CNologon-Blogon-,CSCUCNBl
CUrl-CNologon-Blogon-BUrl-,CUCNBlBU
CNologon-Blogon-BUrl-CUrl-,CNBlBUCU
Blogon-BUrl-CUrl-CNologon-,BlBUCUCN
BUrl-CUrl-CNologon-Blogon-,BUCUCNBl
CUrl-CNologon-Blogon-BSendEmail-,CUCNBlBS
CNologon-Blogon-BSendEmail-BUrl-,CNBlBSBU
Blogon-BSendEmail-BUrl-CUrl-,BlBSBUCU
BSendEmail-BUrl-CUrl-CSendEmail-,BSBUCUCS
BUrl-CUrl-CSendEmail-CUrl-,BUCUCSCU
CUrl-CSendEmail-CUrl-CSendEmail-,CUCSCUCS
CSendEmail-CUrl-CSendEmail-CUrl-,CSCUCSCU
CUrl-CSendEmail-CUrl-CNologon-,CUCSCUCN
CSendEmail-CUrl-CNologon-Blogon-,CSCUCNBl
CUrl-CNologon-Blogon-BUrl-,CUCNBlBU
CNologon-Blogon-BUrl-CSendEmail-,CNBlBUCS
Blogon-BUrl-CSendEmail-CSendEmail-,BlBUCSCS
BUrl-CSendEmail-CSendEmail-CSendEmail-,BUCSCSCS
CSendEmail-CSendEmail-CSendEmail-CUrl-,CSCSCSCU
CSendEmail-CSendEmail-CUrl-CNologon-,CSCSCUCN
CSendEmail-CUrl-CNologon-Blogon-,CSCUCNBl
CUrl-CNologon-Blogon-BUrl-,CUCNBlBU
CNologon-Blogon-BUrl-BSendEmail-,CNBlBUBS
Blogon-BUrl-BSendEmail-BUrl-,BlBUBSBU
BUrl-BSendEmail-BUrl-BSendEmail-,BUBSBUBS
BSendEmail-BUrl-BSendEmail-BUrl-,BSBUBSBU
BUrl-BSendEmail-BUrl-BSendEmail-,BUBSBUBS
BSendEmail-BUrl-BSendEmail-CUrl-,BSBUBSCU
BUrl-BSendEmail-CUrl-CNologon-,BUBSCUCN
BSendEmail-CUrl-CNologon-Blogon-,BSCUCNBl
CUrl-CNologon-Blogon-BUrl-,CUCNBlBU
CNologon-Blogon-BUrl-BSendEmail-,CNBlBUBS
Blogon-BUrl-BSendEmail-BUrl-,BlBUBSBU
BUrl-BSendEmail-BUrl-BSendEmail-,BUBSBUBS
BSendEmail-BUrl-BSendEmail-BSendEmail-,BSBUBSBS
BUrl-BSendEmail-BSendEmail-BUrl-,BUBSBSBU
BSendEmail-BSendEmail-BUrl-CUrl-,BSBSBUCU
BSendEmail-BUrl-CUrl-CNologon-,BSBUCUCN
BUrl-CUrl-CNologon-Blogon-,BUCUCNBl
CUrl-CNologon-Blogon-BUrl-,CUCNBlBU
CNologon-Blogon-BUrl-BSendEmail-,CNBlBUBS
Blogon-BUrl-BSendEmail-CUrl-,BlBUBSCU
BUrl-BSendEmail-CUrl-CSendEmail-,BUBSCUCS
BSendEmail-CUrl-CSendEmail-CUrl-,BSCUCSCU
CUrl-CSendEmail-CUrl-CSendEmail-,CUCSCUCS
CSendEmail-CUrl-CSendEmail-CUrl-,CSCUCSCU
CUrl-CSendEmail-CUrl-CNologon-,CUCSCUCN
CSendEmail-CUrl-CNologon-Blogon-,CSCUCNBl
CUrl-CNologon-Blogon-BSendEmail-,CUCNBlBS
CNologon-Blogon-BSendEmail-BUrl-,CNBlBSBU
Blogon-BSendEmail-BUrl-BSendEmail-,BlBSBUBS
BSendEmail-BUrl-BSendEmail-BUrl-,BSBUBSBU
BUrl-BSendEmail-BUrl-BSendEmail-,BUBSBUBS
BSendEmail-BUrl-BSendEmail-BUrl-,BSBUBSBU
BUrl-BSendEmail-BUrl-CUrl-,BUBSBUCU
BSendEmail-BUrl-CUrl-CNologon-,BSBUCUCN
BUrl-CUrl-CNologon-Blogon-,BUCUCNBl
CUrl-CNologon-Blogon-BUrl-,CUCNBlBU
CNologon-Blogon-BUrl-CUrl-,CNBlBUCU
Blogon-BUrl-CUrl-CSendEmail-,BlBUCUCS
BUrl-CUrl-CSendEmail-CUrl-,BUCUCSCU
CUrl-CSendEmail-CUrl-CSendEmail-,CUCSCUCS
CSendEmail-CUrl-CSendEmail-CUrl-,CSCUCSCU
CUrl-CSendEmail-CUrl-CSendEmail-,CUCSCUCS
CSendEmail-CUrl-CSendEmail-CUrl-,CSCUCSCU
CUrl-CSendEmail-CUrl-CNologon-,CUCSCUCN
CSendEmail-CUrl-CNologon-Blogon-,CSCUCNBl
CUrl-CNologon-Blogon-BUrl-,CUCNBlBU
CNologon-Blogon-BUrl-BSendEmail-,CNBlBUBS
Blogon-BUrl-BSendEmail-BSendEmail-,BlBUBSBS
BUrl-BSendEmail-BSendEmail-BUrl-,BUBSBSBU
BSendEmail-BSendEmail-BUrl-CUrl-,BSBSBUCU
BSendEmail-BUrl-CUrl-CSendEmail-,BSBUCUCS
BUrl-CUrl-CSendEmail-CUrl-,BUCUCSCU
CUrl-CSendEmail-CUrl-CNologon-,CUCSCUCN
CSendEmail-CUrl-CNologon-Blogon-,CSCUCNBl
CUrl-CNologon-Blogon-BUrl-,CUCNBlBU
CNologon-Blogon-BUrl-CUrl-,CNBlBUCU
Blogon-BUrl-CUrl-CSendEmail-,BlBUCUCS
BUrl-CUrl-CSendEmail-CSendEmail-,BUCUCSCS
CUrl-CSendEmail-CSendEmail-CSendEmail-,CUCSCSCS
CSendEmail-CSendEmail-CSendEmail-CUrl-,CSCSCSCU
CSendEmail-CSendEmail-CUrl-CNologon-,CSCSCUCN
CSendEmail-CUrl-CNologon-Blogon-,CSCUCNBl
CUrl-CNologon-Blogon-BUrl-,CUCNBlBU
CNologon-Blogon-BUrl-BSendEmail-,CNBlBUBS
Blogon-BUrl-BSendEmail-BUrl-,BlBUBSBU
BUrl-BSendEmail-BUrl-CUrl-,BUBSBUCU
BSendEmail-BUrl-CUrl-CSendEmail-,BSBUCUCS
BUrl-CUrl-CSendEmail-CSendEmail-,BUCUCSCS
CUrl-CSendEmail-CSendEmail-CUrl-,CUCSCSCU
CSendEmail-CSendEmail-CUrl-CNologon-,CSCSCUCN
CSendEmail-CUrl-CNologon-Blogon-,CSCUCNBl
CUrl-CNologon-Blogon-BUrl-,CUCNBlBU
CNologon-Blogon-BUrl-BSendEmail-,CNBlBUBS
Blogon-BUrl-BSendEmail-BSendEmail-,BlBUBSBS
BUrl-BSendEmail-BSendEmail-BSendEmail-,BUBSBSBS
BSendEmail-BSendEmail-BSendEmail-BUrl-,BSBSBSBU
BSendEmail-BSendEmail-BUrl-CUrl-,BSBSBUCU
BSendEmail-BUrl-CUrl-CNologon-,BSBUCUCN
BUrl-CUrl-CNologon-Blogon-,BUCUCNBl
CUrl-CNologon-Blogon-BUrl-,CUCNBlBU
CNologon-Blogon-BUrl-CUrl-,CNBlBUCU
Blogon-BUrl-CUrl-CSendEmail-,BlBUCUCS
BUrl-CUrl-CSendEmail-CUrl-,BUCUCSCU
CUrl-CSendEmail-CUrl-CSendEmail-,CUCSCUCS
CSendEmail-CUrl-CSendEmail-CSendEmail-,CSCUCSCS
CUrl-CSendEmail-CSendEmail-CUrl-,CUCSCSCU
CSendEmail-CSendEmail-CUrl-CNologon-,CSCSCUCN
CSendEmail-CUrl-CNologon-Blogon-,CSCUCNBl
CUrl-CNologon-Blogon-BUrl-,CUCNBlBU
CNologon-Blogon-BUrl-CUrl-,CNBlBUCU
Blogon-BUrl-CUrl-CSendEmail-,BlBUCUCS
BUrl-CUrl-CSendEmail-CSendEmail-,BUCUCSCS
CUrl-CSendEmail-CSendEmail-CUrl-,CUCSCSCU
CSendEmail-CSendEmail-CUrl-CSendEmail-,CSCSCUCS
CSendEmail-CUrl-CSendEmail-CUrl-,CSCUCSCU
CUrl-CSendEmail-CUrl-CNologon-,CUCSCUCN
CSendEmail-CUrl-CNologon-Blogon-,CSCUCNBl
CUrl-CNologon-Blogon-BUrl-,CUCNBlBU
CNologon-Blogon-BUrl-BSendEmail-,CNBlBUBS
Blogon-BUrl-BSendEmail-BSendEmail-,BlBUBSBS
BUrl-BSendEmail-BSendEmail-BUrl-,BUBSBSBU
BSendEmail-BSendEmail-BUrl-CUrl-,BSBSBUCU
BSendEmail-BUrl-CUrl-CSendEmail-,BSBUCUCS
BUrl-CUrl-CSendEmail-CUrl-,BUCUCSCU
CUrl-CSendEmail-CUrl-CNologon-,CUCSCUCN
CSendEmail-CUrl-CNologon-Blogon-,CSCUCNBl
CUrl-CNologon-Blogon-BUrl-,CUCNBlBU
CNologon-Blogon-BUrl-BSendEmail-,CNBlBUBS
Blogon-BUrl-BSendEmail-BUrl-,BlBUBSBU
BUrl-BSendEmail-BUrl-CUrl-,BUBSBUCU
BSendEmail-BUrl-CUrl-CSendEmail-,BSBUCUCS
BUrl-CUrl-CSendEmail-CUrl-,BUCUCSCU
CUrl-CSendEmail-CUrl-CSendEmail-,CUCSCUCS
CSendEmail-CUrl-CSendEmail-CUrl-,CSCUCSCU
CUrl-CSendEmail-CUrl-CNologon-,CUCSCUCN
CSendEmail-CUrl-CNologon-Blogon-,CSCUCNBl
CUrl-CNologon-Blogon-BUrl-,CUCNBlBU
CNologon-Blogon-BUrl-BSendEmail-,CNBlBUBS
Blogon-BUrl-BSendEmail-BUrl-,BlBUBSBU
BUrl-BSendEmail-BUrl-CUrl-,BUBSBUCU
BSendEmail-BUrl-CUrl-CSendEmail-,BSBUCUCS
BUrl-CUrl-CSendEmail-CSendEmail-,BUCUCSCS
CUrl-CSendEmail-CSendEmail-CUrl-,CUCSCSCU
CSendEmail-CSendEmail-CUrl-CNologon-,CSCSCUCN
CSendEmail-CUrl-CNologon-Blogon-,CSCUCNBl
CUrl-CNologon-Blogon-BUrl-,CUCNBlBU
CNologon-Blogon-BUrl-CUrl-,CNBlBUCU
Blogon-BUrl-CUrl-CSendEmail-,BlBUCUCS
BUrl-CUrl-CSendEmail-CUrl-,BUCUCSCU
CUrl-CSendEmail-CUrl-CSendEmail-,CUCSCUCS
CSendEmail-CUrl-CSendEmail-CUrl-,CSCUCSCU
CUrl-CSendEmail-CUrl-CNologon-,CUCSCUCN
CSendEmail-CUrl-CNologon-Blogon-,CSCUCNBl
CUrl-CNologon-Blogon-BUrl-,CUCNBlBU
CNologon-Blogon-BUrl-BSendEmail-,CNBlBUBS
Blogon-BUrl-BSendEmail-BSendEmail-,BlBUBSBS
BUrl-BSendEmail-BSendEmail-BUrl-,BUBSBSBU
BSendEmail-BSendEmail-BUrl-BSendEmail-,BSBSBUBS
BSendEmail-BUrl-BSendEmail-BUrl-,BSBUBSBU
BUrl-BSendEmail-BUrl-CUrl-,BUBSBUCU
BSendEmail-BUrl-CUrl-CNologon-,BSBUCUCN
BUrl-CUrl-CNologon-Blogon-,BUCUCNBl
CUrl-CNologon-Blogon-BUrl-,CUCNBlBU
CNologon-Blogon-BUrl-CUrl-,CNBlBUCU
Blogon-BUrl-CUrl-CSendEmail-,BlBUCUCS
BUrl-CUrl-CSendEmail-CSendEmail-,BUCUCSCS
CUrl-CSendEmail-CSendEmail-CSendEmail-,CUCSCSCS
CSendEmail-CSendEmail-CSendEmail-CUrl-,CSCSCSCU
CSendEmail-CSendEmail-CUrl-CNologon-,CSCSCUCN
CSendEmail-CUrl-CNologon-Blogon-,CSCUCNBl
CUrl-CNologon-Blogon-BUrl-,CUCNBlBU
CNologon-Blogon-BUrl-CUrl-,CNBlBUCU
Blogon-BUrl-CUrl-CSendEmail-,BlBUCUCS
BUrl-CUrl-CSendEmail-CSendEmail-,BUCUCSCS
CUrl-CSendEmail-CSendEmail-CSendEmail-,CUCSCSCS
CSendEmail-CSendEmail-CSendEmail-CUrl-,CSCSCSCU
CSendEmail-CSendEmail-CUrl-CNologon-,CSCSCUCN
CSendEmail-CUrl-CNologon-Blogon-,CSCUCNBl
CUrl-CNologon-Blogon-BUrl-,CUCNBlBU
CNologon-Blogon-BUrl-CUrl-,CNBlBUCU
Blogon-BUrl-CUrl-CSendEmail-,BlBUCUCS
BUrl-CUrl-CSendEmail-CSendEmail-,BUCUCSCS
CUrl-CSendEmail-CSendEmail-CSendEmail-,CUCSCSCS
CSendEmail-CSendEmail-CSendEmail-CUrl-,CSCSCSCU
CSendEmail-CSendEmail-CUrl-CNologon-,CSCSCUCN
CSendEmail-CUrl-CNologon-Blogon-,CSCUCNBl
CUrl-CNologon-Blogon-BUrl-,CUCNBlBU
CNologon-Blogon-BUrl-BSendEmail-,CNBlBUBS
Blogon-BUrl-BSendEmail-BSendEmail-,BlBUBSBS
BUrl-BSendEmail-BSendEmail-BUrl-,BUBSBSBU
BSendEmail-BSendEmail-BUrl-BSendEmail-,BSBSBUBS
BSendEmail-BUrl-BSendEmail-CUrl-,BSBUBSCU
BUrl-BSendEmail-CUrl-CNologon-,BUBSCUCN
BSendEmail-CUrl-CNologon-Blogon-,BSCUCNBl
CUrl-CNologon-Blogon-BUrl-,CUCNBlBU
CNologon-Blogon-BUrl-CUrl-,CNBlBUCU
Blogon-BUrl-CUrl-CSendEmail-,BlBUCUCS
BUrl-CUrl-CSendEmail-CSendEmail-,BUCUCSCS
CUrl-CSendEmail-CSendEmail-CUrl-,CUCSCSCU
CSendEmail-CSendEmail-CUrl-CSendEmail-,CSCSCUCS
CSendEmail-CUrl-CSendEmail-CUrl-,CSCUCSCU
CUrl-CSendEmail-CUrl-CNologon-,CUCSCUCN
CSendEmail-CUrl-CNologon-Blogon-,CSCUCNBl
CUrl-CNologon-Blogon-BUrl-,CUCNBlBU
CNologon-Blogon-BUrl-CUrl-,CNBlBUCU
Blogon-BUrl-CUrl-CSendEmail-,BlBUCUCS
BUrl-CUrl-CSendEmail-CUrl-,BUCUCSCU
CUrl-CSendEmail-CUrl-CSendEmail-,CUCSCUCS
CSendEmail-CUrl-CSendEmail-CUrl-,CSCUCSCU
CUrl-CSendEmail-CUrl-CSendEmail-,CUCSCUCS
CSendEmail-CUrl-CSendEmail-CUrl-,CSCUCSCU
CUrl-CSendEmail-CUrl-CNologon-,CUCSCUCN
CSendEmail-CUrl-CNologon-Blogon-,CSCUCNBl
CUrl-CNologon-Blogon-BUrl-,CUCNBlBU
CNologon-Blogon-BUrl-BSendEmail-,CNBlBUBS
Blogon-BUrl-BSendEmail-BSendEmail-,BlBUBSBS
BUrl-BSendEmail-BSendEmail-BUrl-,BUBSBSBU
BSendEmail-BSendEmail-BUrl-CUrl-,BSBSBUCU
BSendEmail-BUrl-CUrl-CSendEmail-,BSBUCUCS
BUrl-CUrl-CSendEmail-CUrl-,BUCUCSCU
CUrl-CSendEmail-CUrl-CNologon-,CUCSCUCN
CSendEmail-CUrl-CNologon-Blogon-,CSCUCNBl
CUrl-CNologon-Blogon-BUrl-,CUCNBlBU
CNologon-Blogon-BUrl-BSendEmail-,CNBlBUBS
Blogon-BUrl-BSendEmail-BSendEmail-,BlBUBSBS
BUrl-BSendEmail-BSendEmail-BSendEmail-,BUBSBSBS
BSendEmail-BSendEmail-BSendEmail-BUrl-,BSBSBSBU
BSendEmail-BSendEmail-BUrl-CUrl-,BSBSBUCU
BSendEmail-BUrl-CUrl-CNologon-,BSBUCUCN
BUrl-CUrl-CNologon-Blogon-,BUCUCNBl
CUrl-CNologon-Blogon-BUrl-,CUCNBlBU
CNologon-Blogon-BUrl-BSendEmail-,CNBlBUBS
Blogon-BUrl-BSendEmail-BSendEmail-,BlBUBSBS
BUrl-BSendEmail-BSendEmail-BUrl-,BUBSBSBU
BSendEmail-BSendEmail-BUrl-BSendEmail-,BSBSBUBS
BSendEmail-BUrl-BSendEmail-BUrl-,BSBUBSBU
BUrl-BSendEmail-BUrl-CUrl-,BUBSBUCU
BSendEmail-BUrl-CUrl-CNologon-,BSBUCUCN
BUrl-CUrl-CNologon-Blogon-,BUCUCNBl
CUrl-CNologon-Blogon-BUrl-,CUCNBlBU
CNologon-Blogon-BUrl-BSendEmail-,CNBlBUBS
Blogon-BUrl-BSendEmail-BUrl-,BlBUBSBU
BUrl-BSendEmail-BUrl-BSendEmail-,BUBSBUBS
BSendEmail-BUrl-BSendEmail-BUrl-,BSBUBSBU
BUrl-BSendEmail-BUrl-CUrl-,BUBSBUCU
BSendEmail-BUrl-CUrl-CSendEmail-,BSBUCUCS
BUrl-CUrl-CSendEmail-CUrl-,BUCUCSCU
CUrl-CSendEmail-CUrl-CNologon-,CUCSCUCN
CSendEmail-CUrl-CNologon-Blogon-,CSCUCNBl
CUrl-CNologon-Blogon-BUrl-,CUCNBlBU
CNologon-Blogon-BUrl-CUrl-,CNBlBUCU
Blogon-BUrl-CUrl-CSendEmail-,BlBUCUCS
BUrl-CUrl-CSendEmail-CUrl-,BUCUCSCU
CUrl-CSendEmail-CUrl-CSendEmail-,CUCSCUCS
CSendEmail-CUrl-CSendEmail-CSendEmail-,CSCUCSCS
CUrl-CSendEmail-CSendEmail-CUrl-,CUCSCSCU
CSendEmail-CSendEmail-CUrl-CNologon-,CSCSCUCN
CSendEmail-CUrl-CNologon-Blogon-,CSCUCNBl
CUrl-CNologon-Blogon-BUrl-,CUCNBlBU
CNologon-Blogon-BUrl-BSendEmail-,CNBlBUBS
Blogon-BUrl-BSendEmail-BSendEmail-,BlBUBSBS
BUrl-BSendEmail-BSendEmail-BSendEmail-,BUBSBSBS
BSendEmail-BSendEmail-BSendEmail-BUrl-,BSBSBSBU
BSendEmail-BSendEmail-BUrl-CUrl-,BSBSBUCU
BSendEmail-BUrl-CUrl-CNologon-,BSBUCUCN
BUrl-CUrl-CNologon-Blogon-,BUCUCNBl
CUrl-CNologon-Blogon-BUrl-,CUCNBlBU
CNologon-Blogon-BUrl-BSendEmail-,CNBlBUBS
Blogon-BUrl-BSendEmail-BUrl-,BlBUBSBU
BUrl-BSendEmail-BUrl-CUrl-,BUBSBUCU
BSendEmail-BUrl-CUrl-CSendEmail-,BSBUCUCS
BUrl-CUrl-CSendEmail-CUrl-,BUCUCSCU
CUrl-CSendEmail-CUrl-CNologon-,CUCSCUCN
CSendEmail-CUrl-CNologon-Blogon-,CSCUCNBl
CUrl-CNologon-Blogon-BUrl-,CUCNBlBU
CNologon-Blogon-BUrl-BSendEmail-,CNBlBUBS
Blogon-BUrl-BSendEmail-BUrl-,BlBUBSBU
BUrl-BSendEmail-BUrl-CSendEmail-,BUBSBUCS
BSendEmail-BUrl-CSendEmail-CUrl-,BSBUCSCU
BUrl-CSendEmail-CUrl-CSendEmail-,BUCSCUCS
CSendEmail-CUrl-CSendEmail-CUrl-,CSCUCSCU
CUrl-CSendEmail-CUrl-CNologon-,CUCSCUCN
CSendEmail-CUrl-CNologon-Blogon-,CSCUCNBl
CUrl-CNologon-Blogon-BUrl-,CUCNBlBU
CNologon-Blogon-BUrl-CUrl-,CNBlBUCU
Blogon-BUrl-CUrl-CSendEmail-,BlBUCUCS
BUrl-CUrl-CSendEmail-CUrl-,BUCUCSCU
CUrl-CSendEmail-CUrl-CSendEmail-,CUCSCUCS
CSendEmail-CUrl-CSendEmail-CSendEmail-,CSCUCSCS
CUrl-CSendEmail-CSendEmail-CUrl-,CUCSCSCU
CSendEmail-CSendEmail-CUrl-CNologon-,CSCSCUCN
CSendEmail-CUrl-CNologon-Blogon-,CSCUCNBl
CUrl-CNologon-Blogon-BUrl-,CUCNBlBU
CNologon-Blogon-BUrl-BSendEmail-,CNBlBUBS
Blogon-BUrl-BSendEmail-BUrl-,BlBUBSBU
BUrl-BSendEmail-BUrl-CUrl-,BUBSBUCU
BSendEmail-BUrl-CUrl-CSendEmail-,BSBUCUCS
BUrl-CUrl-CSendEmail-CUrl-,BUCUCSCU
CUrl-CSendEmail-CUrl-CSendEmail-,CUCSCUCS
CSendEmail-CUrl-CSendEmail-CUrl-,CSCUCSCU
CUrl-CSendEmail-CUrl-CNologon-,CUCSCUCN
CSendEmail-CUrl-CNologon-Blogon-,CSCUCNBl
CUrl-CNologon-Blogon-BUrl-,CUCNBlBU
CNologon-Blogon-BUrl-CUrl-,CNBlBUCU
Blogon-BUrl-CUrl-CSendEmail-,BlBUCUCS
BUrl-CUrl-CSendEmail-CUrl-,BUCUCSCU
CUrl-CSendEmail-CUrl-CSendEmail-,CUCSCUCS
CSendEmail-CUrl-CSendEmail-CSendEmail-,CSCUCSCS
CUrl-CSendEmail-CSendEmail-CUrl-,CUCSCSCU
CSendEmail-CSendEmail-CUrl-CNologon-,CSCSCUCN
CSendEmail-CUrl-CNologon-Blogon-,CSCUCNBl
CUrl-CNologon-Blogon-BUrl-,CUCNBlBU
CNologon-Blogon-BUrl-CUrl-,CNBlBUCU
Blogon-BUrl-CUrl-CSendEmail-,BlBUCUCS
BUrl-CUrl-CSendEmail-CUrl-,BUCUCSCU
CUrl-CSendEmail-CUrl-CSendEmail-,CUCSCUCS
CSendEmail-CUrl-CSendEmail-CUrl-,CSCUCSCU
CUrl-CSendEmail-CUrl-CSendEmail-,CUCSCUCS
CSendEmail-CUrl-CSendEmail-CNologon-,CSCUCSCN
CUrl-CSendEmail-CNologon-Blogon-,CUCSCNBl
CSendEmail-CNologon-Blogon-BUrl-,CSCNBlBU
CNologon-Blogon-BUrl-CUrl-,CNBlBUCU
Blogon-BUrl-CUrl-CSendEmail-,BlBUCUCS
BUrl-CUrl-CSendEmail-CUrl-,BUCUCSCU
CUrl-CSendEmail-CUrl-CSendEmail-,CUCSCUCS
CSendEmail-CUrl-CSendEmail-CNologon-,CSCUCSCN
CUrl-CSendEmail-CNologon-Blogon-,CUCSCNBl
CSendEmail-CNologon-Blogon-BUrl-,CSCNBlBU
CNologon-Blogon-BUrl-BSendEmail-,CNBlBUBS
Blogon-BUrl-BSendEmail-BSendEmail-,BlBUBSBS
BUrl-BSendEmail-BSendEmail-CUrl-,BUBSBSCU
BSendEmail-BSendEmail-CUrl-CSendEmail-,BSBSCUCS
BSendEmail-CUrl-CSendEmail-CUrl-,BSCUCSCU
CUrl-CSendEmail-CUrl-CNologon-,CUCSCUCN
CSendEmail-CUrl-CNologon-Blogon-,CSCUCNBl
CUrl-CNologon-Blogon-BUrl-,CUCNBlBU
CNologon-Blogon-BUrl-BSendEmail-,CNBlBUBS
Blogon-BUrl-BSendEmail-BUrl-,BlBUBSBU
BUrl-BSendEmail-BUrl-BSendEmail-,BUBSBUBS
BSendEmail-BUrl-BSendEmail-BUrl-,BSBUBSBU
BUrl-BSendEmail-BUrl-CSendEmail-,BUBSBUCS
BSendEmail-BUrl-CSendEmail-CUrl-,BSBUCSCU
BUrl-CSendEmail-CUrl-CNologon-,BUCSCUCN
CSendEmail-CUrl-CNologon-Blogon-,CSCUCNBl
CUrl-CNologon-Blogon-BSendEmail-,CUCNBlBS
CNologon-Blogon-BSendEmail-BUrl-,CNBlBSBU
Blogon-BSendEmail-BUrl-CUrl-,BlBSBUCU
BSendEmail-BUrl-CUrl-CSendEmail-,BSBUCUCS
BUrl-CUrl-CSendEmail-CUrl-,BUCUCSCU
CUrl-CSendEmail-CUrl-CSendEmail-,CUCSCUCS
CSendEmail-CUrl-CSendEmail-CUrl-,CSCUCSCU
CUrl-CSendEmail-CUrl-CNologon-,CUCSCUCN
CSendEmail-CUrl-CNologon-Blogon-,CSCUCNBl
CUrl-CNologon-Blogon-BUrl-,CUCNBlBU
CNologon-Blogon-BUrl-BSendEmail-,CNBlBUBS
Blogon-BUrl-BSendEmail-BUrl-,BlBUBSBU
BUrl-BSendEmail-BUrl-CUrl-,BUBSBUCU
BSendEmail-BUrl-CUrl-CSendEmail-,BSBUCUCS
BUrl-CUrl-CSendEmail-CSendEmail-,BUCUCSCS
CUrl-CSendEmail-CSendEmail-CUrl-,CUCSCSCU
CSendEmail-CSendEmail-CUrl-CNologon-,CSCSCUCN
CSendEmail-CUrl-CNologon-Blogon-,CSCUCNBl
CUrl-CNologon-Blogon-BUrl-,CUCNBlBU
CNologon-Blogon-BUrl-CUrl-,CNBlBUCU
Blogon-BUrl-CUrl-CSendEmail-,BlBUCUCS
BUrl-CUrl-CSendEmail-CSendEmail-,BUCUCSCS
CUrl-CSendEmail-CSendEmail-CUrl-,CUCSCSCU
CSendEmail-CSendEmail-CUrl-CSendEmail-,CSCSCUCS
CSendEmail-CUrl-CSendEmail-CUrl-,CSCUCSCU
CUrl-CSendEmail-CUrl-CNologon-,CUCSCUCN
CSendEmail-CUrl-CNologon-Blogon-,CSCUCNBl
CUrl-CNologon-Blogon-BSendEmail-,CUCNBlBS
CNologon-Blogon-BSendEmail-BSendEmail-,CNBlBSBS
Blogon-BSendEmail-BSendEmail-BSendEmail-,BlBSBSBS
BSendEmail-BSendEmail-BSendEmail-BUrl-,BSBSBSBU
BSendEmail-BSendEmail-BUrl-CUrl-,BSBSBUCU
BSendEmail-BUrl-CUrl-CNologon-,BSBUCUCN
BUrl-CUrl-CNologon-Blogon-,BUCUCNBl
CUrl-CNologon-Blogon-BSendEmail-,CUCNBlBS
CNologon-Blogon-BSendEmail-BSendEmail-,CNBlBSBS
Blogon-BSendEmail-BSendEmail-BUrl-,BlBSBSBU
BSendEmail-BSendEmail-BUrl-CUrl-,BSBSBUCU
BSendEmail-BUrl-CUrl-CSendEmail-,BSBUCUCS
BUrl-CUrl-CSendEmail-CUrl-,BUCUCSCU
CUrl-CSendEmail-CUrl-CNologon-,CUCSCUCN
CSendEmail-CUrl-CNologon-Blogon-,CSCUCNBl
CUrl-CNologon-Blogon-BUrl-,CUCNBlBU
CNologon-Blogon-BUrl-BSendEmail-,CNBlBUBS
Blogon-BUrl-BSendEmail-CUrl-,BlBUBSCU
BUrl-BSendEmail-CUrl-CSendEmail-,BUBSCUCS
BSendEmail-CUrl-CSendEmail-CUrl-,BSCUCSCU
CUrl-CSendEmail-CUrl-CSendEmail-,CUCSCUCS
CSendEmail-CUrl-CSendEmail-CUrl-,CSCUCSCU
CUrl-CSendEmail-CUrl-CNologon-,CUCSCUCN
CSendEmail-CUrl-CNologon-Blogon-,CSCUCNBl
CUrl-CNologon-Blogon-BUrl-,CUCNBlBU
CNologon-Blogon-BUrl-CUrl-,CNBlBUCU
Blogon-BUrl-CUrl-CNologon-,BlBUCUCN
BUrl-CUrl-CNologon-Blogon-,BUCUCNBl
CUrl-CNologon-Blogon-BUrl-,CUCNBlBU
CNologon-Blogon-BUrl-CSendEmail-,CNBlBUCS
Blogon-BUrl-CSendEmail-CSendEmail-,BlBUCSCS
BUrl-CSendEmail-CSendEmail-CUrl-,BUCSCSCU
CSendEmail-CSendEmail-CUrl-CSendEmail-,CSCSCUCS
CSendEmail-CUrl-CSendEmail-CUrl-,CSCUCSCU
CUrl-CSendEmail-CUrl-CNologon-,CUCSCUCN
CSendEmail-CUrl-CNologon-Blogon-,CSCUCNBl
CUrl-CNologon-Blogon-BUrl-,CUCNBlBU
CNologon-Blogon-BUrl-BSendEmail-,CNBlBUBS
Blogon-BUrl-BSendEmail-BUrl-,BlBUBSBU
BUrl-BSendEmail-BUrl-BSendEmail-,BUBSBUBS
BSendEmail-BUrl-BSendEmail-BUrl-,BSBUBSBU
BUrl-BSendEmail-BUrl-BSendEmail-,BUBSBUBS
BSendEmail-BUrl-BSendEmail-CUrl-,BSBUBSCU
BUrl-BSendEmail-CUrl-CNologon-,BUBSCUCN
BSendEmail-CUrl-CNologon-Blogon-,BSCUCNBl
CUrl-CNologon-Blogon-BUrl-,CUCNBlBU
CNologon-Blogon-BUrl-CUrl-,CNBlBUCU
Blogon-BUrl-CUrl-CSendEmail-,BlBUCUCS
BUrl-CUrl-CSendEmail-CSendEmail-,BUCUCSCS
CUrl-CSendEmail-CSendEmail-CUrl-,CUCSCSCU
CSendEmail-CSendEmail-CUrl-CSendEmail-,CSCSCUCS
CSendEmail-CUrl-CSendEmail-CUrl-,CSCUCSCU
CUrl-CSendEmail-CUrl-CNologon-,CUCSCUCN
CSendEmail-CUrl-CNologon-Blogon-,CSCUCNBl
CUrl-CNologon-Blogon-BUrl-,CUCNBlBU
CNologon-Blogon-BUrl-CUrl-,CNBlBUCU
Blogon-BUrl-CUrl-CSendEmail-,BlBUCUCS
BUrl-CUrl-CSendEmail-CSendEmail-,BUCUCSCS
CUrl-CSendEmail-CSendEmail-CUrl-,CUCSCSCU
CSendEmail-CSendEmail-CUrl-CSendEmail-,CSCSCUCS
CSendEmail-CUrl-CSendEmail-CUrl-,CSCUCSCU
CUrl-CSendEmail-CUrl-CNologon-,CUCSCUCN
CSendEmail-CUrl-CNologon-Blogon-,CSCUCNBl
CUrl-CNologon-Blogon-BUrl-,CUCNBlBU
CNologon-Blogon-BUrl-CUrl-,CNBlBUCU
Blogon-BUrl-CUrl-CSendEmail-,BlBUCUCS
BUrl-CUrl-CSendEmail-CSendEmail-,BUCUCSCS
CUrl-CSendEmail-CSendEmail-CUrl-,CUCSCSCU
CSendEmail-CSendEmail-CUrl-CSendEmail-,CSCSCUCS
CSendEmail-CUrl-CSendEmail-CUrl-,CSCUCSCU
CUrl-CSendEmail-CUrl-CNologon-,CUCSCUCN
CSendEmail-CUrl-CNologon-Blogon-,CSCUCNBl
CUrl-CNologon-Blogon-BUrl-,CUCNBlBU
CNologon-Blogon-BUrl-BSendEmail-,CNBlBUBS
Blogon-BUrl-BSendEmail-BUrl-,BlBUBSBU
BUrl-BSendEmail-BUrl-CUrl-,BUBSBUCU
BSendEmail-BUrl-CUrl-CNologon-,BSBUCUCN
BUrl-CUrl-CNologon-Blogon-,BUCUCNBl
CUrl-CNologon-Blogon-CUrl-,CUCNBlCU
CNologon-Blogon-CUrl-CSendEmail-,CNBlCUCS
Blogon-CUrl-CSendEmail-CUrl-,BlCUCSCU
CUrl-CSendEmail-CUrl-CSendEmail-,CUCSCUCS
CSendEmail-CUrl-CSendEmail-CUrl-,CSCUCSCU
CUrl-CSendEmail-CUrl-CSendEmail-,CUCSCUCS
CSendEmail-CUrl-CSendEmail-CNologon-,CSCUCSCN
CUrl-CSendEmail-CNologon-Blogon-,CUCSCNBl
CSendEmail-CNologon-Blogon-BUrl-,CSCNBlBU
CNologon-Blogon-BUrl-CUrl-,CNBlBUCU
Blogon-BUrl-CUrl-CSendEmail-,BlBUCUCS
BUrl-CUrl-CSendEmail-CUrl-,BUCUCSCU
CUrl-CSendEmail-CUrl-CSendEmail-,CUCSCUCS
CSendEmail-CUrl-CSendEmail-CUrl-,CSCUCSCU
CUrl-CSendEmail-CUrl-CSendEmail-,CUCSCUCS
CSendEmail-CUrl-CSendEmail-CUrl-,CSCUCSCU
CUrl-CSendEmail-CUrl-CNologon-,CUCSCUCN
CSendEmail-CUrl-CNologon-Blogon-,CSCUCNBl
CUrl-CNologon-Blogon-BUrl-,CUCNBlBU
CNologon-Blogon-BUrl-CUrl-,CNBlBUCU
Blogon-BUrl-CUrl-CSendEmail-,BlBUCUCS
BUrl-CUrl-CSendEmail-CUrl-,BUCUCSCU
CUrl-CSendEmail-CUrl-CSendEmail-,CUCSCUCS
CSendEmail-CUrl-CSendEmail-CUrl-,CSCUCSCU
CUrl-CSendEmail-CUrl-CSendEmail-,CUCSCUCS
CSendEmail-CUrl-CSendEmail-CUrl-,CSCUCSCU
CUrl-CSendEmail-CUrl-CNologon-,CUCSCUCN
CSendEmail-CUrl-CNologon-Blogon-,CSCUCNBl
CUrl-CNologon-Blogon-BUrl-,CUCNBlBU
CNologon-Blogon-BUrl-BSendEmail-,CNBlBUBS
Blogon-BUrl-BSendEmail-BUrl-,BlBUBSBU
BUrl-BSendEmail-BUrl-CUrl-,BUBSBUCU
BSendEmail-BUrl-CUrl-CSendEmail-,BSBUCUCS
BUrl-CUrl-CSendEmail-CUrl-,BUCUCSCU
CUrl-CSendEmail-CUrl-CNologon-,CUCSCUCN
CSendEmail-CUrl-CNologon-Blogon-,CSCUCNBl
CUrl-CNologon-Blogon-BUrl-,CUCNBlBU
CNologon-Blogon-BUrl-CUrl-,CNBlBUCU
Blogon-BUrl-CUrl-CSendEmail-,BlBUCUCS
BUrl-CUrl-CSendEmail-CUrl-,BUCUCSCU
CUrl-CSendEmail-CUrl-CSendEmail-,CUCSCUCS
CSendEmail-CUrl-CSendEmail-CUrl-,CSCUCSCU
CUrl-CSendEmail-CUrl-CSendEmail-,CUCSCUCS
CSendEmail-CUrl-CSendEmail-CUrl-,CSCUCSCU
CUrl-CSendEmail-CUrl-CNologon-,CUCSCUCN
CSendEmail-CUrl-CNologon-Blogon-,CSCUCNBl
CUrl-CNologon-Blogon-BSendEmail-,CUCNBlBS
CNologon-Blogon-BSendEmail-BSendEmail-,CNBlBSBS
Blogon-BSendEmail-BSendEmail-BUrl-,BlBSBSBU
BSendEmail-BSendEmail-BUrl-CUrl-,BSBSBUCU
BSendEmail-BUrl-CUrl-CSendEmail-,BSBUCUCS
BUrl-CUrl-CSendEmail-CNologon-,BUCUCSCN
CUrl-CSendEmail-CNologon-Blogon-,CUCSCNBl
CSendEmail-CNologon-Blogon-BUrl-,CSCNBlBU
CNologon-Blogon-BUrl-CUrl-,CNBlBUCU
Blogon-BUrl-CUrl-CSendEmail-,BlBUCUCS
BUrl-CUrl-CSendEmail-CUrl-,BUCUCSCU
CUrl-CSendEmail-CUrl-CSendEmail-,CUCSCUCS
CSendEmail-CUrl-CSendEmail-CUrl-,CSCUCSCU
CUrl-CSendEmail-CUrl-CSendEmail-,CUCSCUCS
CSendEmail-CUrl-CSendEmail-CUrl-,CSCUCSCU
CUrl-CSendEmail-CUrl-CNologon-,CUCSCUCN
CSendEmail-CUrl-CNologon-Blogon-,CSCUCNBl
CUrl-CNologon-Blogon-BUrl-,CUCNBlBU
CNologon-Blogon-BUrl-BSendEmail-,CNBlBUBS
Blogon-BUrl-BSendEmail-BUrl-,BlBUBSBU
BUrl-BSendEmail-BUrl-BSendEmail-,BUBSBUBS
BSendEmail-BUrl-BSendEmail-BUrl-,BSBUBSBU
BUrl-BSendEmail-BUrl-BSendEmail-,BUBSBUBS
BSendEmail-BUrl-BSendEmail-CUrl-,BSBUBSCU
BUrl-BSendEmail-CUrl-CNologon-,BUBSCUCN
BSendEmail-CUrl-CNologon-Blogon-,BSCUCNBl
CUrl-CNologon-Blogon-BUrl-,CUCNBlBU
CNologon-Blogon-BUrl-CUrl-,CNBlBUCU
Blogon-BUrl-CUrl-CSendEmail-,BlBUCUCS
BUrl-CUrl-CSendEmail-CSendEmail-,BUCUCSCS
CUrl-CSendEmail-CSendEmail-CUrl-,CUCSCSCU
CSendEmail-CSendEmail-CUrl-CSendEmail-,CSCSCUCS
CSendEmail-CUrl-CSendEmail-CUrl-,CSCUCSCU
CUrl-CSendEmail-CUrl-CNologon-,CUCSCUCN
CSendEmail-CUrl-CNologon-Blogon-,CSCUCNBl
CUrl-CNologon-Blogon-BUrl-,CUCNBlBU
CNologon-Blogon-BUrl-BSendEmail-,CNBlBUBS
Blogon-BUrl-BSendEmail-BUrl-,BlBUBSBU
BUrl-BSendEmail-BUrl-BSendEmail-,BUBSBUBS
BSendEmail-BUrl-BSendEmail-BSendEmail-,BSBUBSBS
BUrl-BSendEmail-BSendEmail-BUrl-,BUBSBSBU
BSendEmail-BSendEmail-BUrl-CUrl-,BSBSBUCU
BSendEmail-BUrl-CUrl-CNologon-,BSBUCUCN
BUrl-CUrl-CNologon-Blogon-,BUCUCNBl
CUrl-CNologon-Blogon-BUrl-,CUCNBlBU
CNologon-Blogon-BUrl-CUrl-,CNBlBUCU
Blogon-BUrl-CUrl-CSendEmail-,BlBUCUCS
BUrl-CUrl-CSendEmail-CSendEmail-,BUCUCSCS
CUrl-CSendEmail-CSendEmail-CUrl-,CUCSCSCU
CSendEmail-CSendEmail-CUrl-CSendEmail-,CSCSCUCS
CSendEmail-CUrl-CSendEmail-CUrl-,CSCUCSCU
CUrl-CSendEmail-CUrl-CNologon-,CUCSCUCN
CSendEmail-CUrl-CNologon-Blogon-,CSCUCNBl
CUrl-CNologon-Blogon-BUrl-,CUCNBlBU
CNologon-Blogon-BUrl-CUrl-,CNBlBUCU
Blogon-BUrl-CUrl-CSendEmail-,BlBUCUCS
BUrl-CUrl-CSendEmail-CSendEmail-,BUCUCSCS
CUrl-CSendEmail-CSendEmail-CUrl-,CUCSCSCU
CSendEmail-CSendEmail-CUrl-CSendEmail-,CSCSCUCS
CSendEmail-CUrl-CSendEmail-CUrl-,CSCUCSCU
CUrl-CSendEmail-CUrl-CNologon-,CUCSCUCN
CSendEmail-CUrl-CNologon-Blogon-,CSCUCNBl
CUrl-CNologon-Blogon-BUrl-,CUCNBlBU
CNologon-Blogon-BUrl-BSendEmail-,CNBlBUBS
Blogon-BUrl-BSendEmail-BSendEmail-,BlBUBSBS
BUrl-BSendEmail-BSendEmail-BUrl-,BUBSBSBU
BSendEmail-BSendEmail-BUrl-CUrl-,BSBSBUCU
BSendEmail-BUrl-CUrl-CSendEmail-,BSBUCUCS
BUrl-CUrl-CSendEmail-CUrl-,BUCUCSCU
CUrl-CSendEmail-CUrl-CNologon-,CUCSCUCN
CSendEmail-CUrl-CNologon-Blogon-,CSCUCNBl
CUrl-CNologon-Blogon-BUrl-,CUCNBlBU
CNologon-Blogon-BUrl-CUrl-,CNBlBUCU
Blogon-BUrl-CUrl-CSendEmail-,BlBUCUCS
BUrl-CUrl-CSendEmail-CUrl-,BUCUCSCU
CUrl-CSendEmail-CUrl-CSendEmail-,CUCSCUCS
CSendEmail-CUrl-CSendEmail-CUrl-,CSCUCSCU
CUrl-CSendEmail-CUrl-CSendEmail-,CUCSCUCS
CSendEmail-CUrl-CSendEmail-CNologon-,CSCUCSCN
CUrl-CSendEmail-CNologon-Blogon-,CUCSCNBl
CSendEmail-CNologon-Blogon-BUrl-,CSCNBlBU
CNologon-Blogon-BUrl-BSendEmail-,CNBlBUBS
Blogon-BUrl-BSendEmail-BSendEmail-,BlBUBSBS
BUrl-BSendEmail-BSendEmail-BSendEmail-,BUBSBSBS
BSendEmail-BSendEmail-BSendEmail-BUrl-,BSBSBSBU
BSendEmail-BSendEmail-BUrl-CUrl-,BSBSBUCU
BSendEmail-BUrl-CUrl-CNologon-,BSBUCUCN
BUrl-CUrl-CNologon-Blogon-,BUCUCNBl
CUrl-CNologon-Blogon-BUrl-,CUCNBlBU
CNologon-Blogon-BUrl-BSendEmail-,CNBlBUBS
Blogon-BUrl-BSendEmail-BUrl-,BlBUBSBU
BUrl-BSendEmail-BUrl-BSendEmail-,BUBSBUBS
BSendEmail-BUrl-BSendEmail-BUrl-,BSBUBSBU
BUrl-BSendEmail-BUrl-BSendEmail-,BUBSBUBS
BSendEmail-BUrl-BSendEmail-CUrl-,BSBUBSCU
BUrl-BSendEmail-CUrl-CNologon-,BUBSCUCN
BSendEmail-CUrl-CNologon-Blogon-,BSCUCNBl
CUrl-CNologon-Blogon-BUrl-,CUCNBlBU
CNologon-Blogon-BUrl-BSendEmail-,CNBlBUBS
Blogon-BUrl-BSendEmail-BSendEmail-,BlBUBSBS
BUrl-BSendEmail-BSendEmail-BUrl-,BUBSBSBU
BSendEmail-BSendEmail-BUrl-BSendEmail-,BSBSBUBS
BSendEmail-BUrl-BSendEmail-CUrl-,BSBUBSCU
BUrl-BSendEmail-CUrl-CNologon-,BUBSCUCN
BSendEmail-CUrl-CNologon-Blogon-,BSCUCNBl
CUrl-CNologon-Blogon-BUrl-,CUCNBlBU
CNologon-Blogon-BUrl-CUrl-,CNBlBUCU
Blogon-BUrl-CUrl-CSendEmail-,BlBUCUCS
BUrl-CUrl-CSendEmail-CUrl-,BUCUCSCU
CUrl-CSendEmail-CUrl-CSendEmail-,CUCSCUCS
CSendEmail-CUrl-CSendEmail-CUrl-,CSCUCSCU
CUrl-CSendEmail-CUrl-CSendEmail-,CUCSCUCS
CSendEmail-CUrl-CSendEmail-CNologon-,CSCUCSCN
CUrl-CSendEmail-CNologon-Blogon-,CUCSCNBl
CSendEmail-CNologon-Blogon-BUrl-,CSCNBlBU
CNologon-Blogon-BUrl-CUrl-,CNBlBUCU
Blogon-BUrl-CUrl-CSendEmail-,BlBUCUCS
BUrl-CUrl-CSendEmail-CUrl-,BUCUCSCU
CUrl-CSendEmail-CUrl-CSendEmail-,CUCSCUCS
CSendEmail-CUrl-CSendEmail-CSendEmail-,CSCUCSCS
CUrl-CSendEmail-CSendEmail-CUrl-,CUCSCSCU
CSendEmail-CSendEmail-CUrl-CNologon-,CSCSCUCN
CSendEmail-CUrl-CNologon-Blogon-,CSCUCNBl
CUrl-CNologon-Blogon-BUrl-,CUCNBlBU
CNologon-Blogon-BUrl-CUrl-,CNBlBUCU
Blogon-BUrl-CUrl-CSendEmail-,BlBUCUCS
BUrl-CUrl-CSendEmail-CUrl-,BUCUCSCU
CUrl-CSendEmail-CUrl-CSendEmail-,CUCSCUCS
CSendEmail-CUrl-CSendEmail-CUrl-,CSCUCSCU
CUrl-CSendEmail-CUrl-CSendEmail-,CUCSCUCS
CSendEmail-CUrl-CSendEmail-CUrl-,CSCUCSCU
CUrl-CSendEmail-CUrl-CNologon-,CUCSCUCN
CSendEmail-CUrl-CNologon-Blogon-,CSCUCNBl
CUrl-CNologon-Blogon-BUrl-,CUCNBlBU
CNologon-Blogon-BUrl-BSendEmail-,CNBlBUBS
Blogon-BUrl-BSendEmail-BSendEmail-,BlBUBSBS
BUrl-BSendEmail-BSendEmail-BUrl-,BUBSBSBU
BSendEmail-BSendEmail-BUrl-BSendEmail-,BSBSBUBS
BSendEmail-BUrl-BSendEmail-BUrl-,BSBUBSBU
BUrl-BSendEmail-BUrl-CUrl-,BUBSBUCU
BSendEmail-BUrl-CUrl-CNologon-,BSBUCUCN
BUrl-CUrl-CNologon-Blogon-,BUCUCNBl
CUrl-CNologon-Blogon-BUrl-,CUCNBlBU
CNologon-Blogon-BUrl-BSendEmail-,CNBlBUBS
Blogon-BUrl-BSendEmail-BUrl-,BlBUBSBU
BUrl-BSendEmail-BUrl-CUrl-,BUBSBUCU
BSendEmail-BUrl-CUrl-CNologon-,BSBUCUCN
BUrl-CUrl-CNologon-Blogon-,BUCUCNBl
CUrl-CNologon-Blogon-BUrl-,CUCNBlBU
CNologon-Blogon-BUrl-BSendEmail-,CNBlBUBS
Blogon-BUrl-BSendEmail-BUrl-,BlBUBSBU
BUrl-BSendEmail-BUrl-BSendEmail-,BUBSBUBS
BSendEmail-BUrl-BSendEmail-BSendEmail-,BSBUBSBS
BUrl-BSendEmail-BSendEmail-CUrl-,BUBSBSCU
BSendEmail-BSendEmail-CUrl-CNologon-,BSBSCUCN
BSendEmail-CUrl-CNologon-Blogon-,BSCUCNBl
CUrl-CNologon-Blogon-BUrl-,CUCNBlBU
CNologon-Blogon-BUrl-BSendEmail-,CNBlBUBS
Blogon-BUrl-BSendEmail-BUrl-,BlBUBSBU
BUrl-BSendEmail-BUrl-BSendEmail-,BUBSBUBS
BSendEmail-BUrl-BSendEmail-BUrl-,BSBUBSBU
BUrl-BSendEmail-BUrl-CUrl-,BUBSBUCU
BSendEmail-BUrl-CUrl-CNologon-,BSBUCUCN
BUrl-CUrl-CNologon-Blogon-,BUCUCNBl
CUrl-CNologon-Blogon-BUrl-,CUCNBlBU
CNologon-Blogon-BUrl-BSendEmail-,CNBlBUBS
Blogon-BUrl-BSendEmail-BUrl-,BlBUBSBU
BUrl-BSendEmail-BUrl-BSendEmail-,BUBSBUBS
BSendEmail-BUrl-BSendEmail-BUrl-,BSBUBSBU
BUrl-BSendEmail-BUrl-BSendEmail-,BUBSBUBS
BSendEmail-BUrl-BSendEmail-CUrl-,BSBUBSCU
BUrl-BSendEmail-CUrl-CNologon-,BUBSCUCN
BSendEmail-CUrl-CNologon-Blogon-,BSCUCNBl
CUrl-CNologon-Blogon-BUrl-,CUCNBlBU
CNologon-Blogon-BUrl-CUrl-,CNBlBUCU
Blogon-BUrl-CUrl-CSendEmail-,BlBUCUCS
BUrl-CUrl-CSendEmail-CSendEmail-,BUCUCSCS
CUrl-CSendEmail-CSendEmail-CSendEmail-,CUCSCSCS
CSendEmail-CSendEmail-CSendEmail-CUrl-,CSCSCSCU
CSendEmail-CSendEmail-CUrl-CNologon-,CSCSCUCN
CSendEmail-CUrl-CNologon-Blogon-,CSCUCNBl
CUrl-CNologon-Blogon-BUrl-,CUCNBlBU
CNologon-Blogon-BUrl-BSendEmail-,CNBlBUBS
Blogon-BUrl-BSendEmail-BUrl-,BlBUBSBU
BUrl-BSendEmail-BUrl-CUrl-,BUBSBUCU
BSendEmail-BUrl-CUrl-CSendEmail-,BSBUCUCS
BUrl-CUrl-CSendEmail-CUrl-,BUCUCSCU
CUrl-CSendEmail-CUrl-CSendEmail-,CUCSCUCS
CSendEmail-CUrl-CSendEmail-CUrl-,CSCUCSCU
CUrl-CSendEmail-CUrl-CNologon-,CUCSCUCN
CSendEmail-CUrl-CNologon-Blogon-,CSCUCNBl
CUrl-CNologon-Blogon-BUrl-,CUCNBlBU
CNologon-Blogon-BUrl-CUrl-,CNBlBUCU
Blogon-BUrl-CUrl-CSendEmail-,BlBUCUCS
BUrl-CUrl-CSendEmail-CSendEmail-,BUCUCSCS
CUrl-CSendEmail-CSendEmail-CUrl-,CUCSCSCU
CSendEmail-CSendEmail-CUrl-CSendEmail-,CSCSCUCS
CSendEmail-CUrl-CSendEmail-CUrl-,CSCUCSCU
CUrl-CSendEmail-CUrl-CNologon-,CUCSCUCN
CSendEmail-CUrl-CNologon-Blogon-,CSCUCNBl
CUrl-CNologon-Blogon-BUrl-,CUCNBlBU
CNologon-Blogon-BUrl-CUrl-,CNBlBUCU
Blogon-BUrl-CUrl-CSendEmail-,BlBUCUCS
BUrl-CUrl-CSendEmail-CUrl-,BUCUCSCU
CUrl-CSendEmail-CUrl-CSendEmail-,CUCSCUCS
CSendEmail-CUrl-CSendEmail-CSendEmail-,CSCUCSCS
CUrl-CSendEmail-CSendEmail-CUrl-,CUCSCSCU
CSendEmail-CSendEmail-CUrl-CNologon-,CSCSCUCN
CSendEmail-CUrl-CNologon-Blogon-,CSCUCNBl
CUrl-CNologon-Blogon-BUrl-,CUCNBlBU
CNologon-Blogon-BUrl-CUrl-,CNBlBUCU
Blogon-BUrl-CUrl-CSendEmail-,BlBUCUCS
BUrl-CUrl-CSendEmail-CUrl-,BUCUCSCU
CUrl-CSendEmail-CUrl-CSendEmail-,CUCSCUCS
CSendEmail-CUrl-CSendEmail-CUrl-,CSCUCSCU
CUrl-CSendEmail-CUrl-CSendEmail-,CUCSCUCS
CSendEmail-CUrl-CSendEmail-CUrl-,CSCUCSCU
CUrl-CSendEmail-CUrl-CNologon-,CUCSCUCN
CSendEmail-CUrl-CNologon-Blogon-,CSCUCNBl
CUrl-CNologon-Blogon-BSendEmail-,CUCNBlBS
CNologon-Blogon-BSendEmail-BSendEmail-,CNBlBSBS
Blogon-BSendEmail-BSendEmail-BUrl-,BlBSBSBU
BSendEmail-BSendEmail-BUrl-BSendEmail-,BSBSBUBS
BSendEmail-BUrl-BSendEmail-BUrl-,BSBUBSBU
BUrl-BSendEmail-BUrl-CUrl-,BUBSBUCU
BSendEmail-BUrl-CUrl-CNologon-,BSBUCUCN
BUrl-CUrl-CNologon-Blogon-,BUCUCNBl
CUrl-CNologon-Blogon-BUrl-,CUCNBlBU
CNologon-Blogon-BUrl-CUrl-,CNBlBUCU
Blogon-BUrl-CUrl-CSendEmail-,BlBUCUCS
BUrl-CUrl-CSendEmail-CSendEmail-,BUCUCSCS
CUrl-CSendEmail-CSendEmail-CSendEmail-,CUCSCSCS
CSendEmail-CSendEmail-CSendEmail-CUrl-,CSCSCSCU
CSendEmail-CSendEmail-CUrl-CNologon-,CSCSCUCN
CSendEmail-CUrl-CNologon-Blogon-,CSCUCNBl
CUrl-CNologon-Blogon-BSendEmail-,CUCNBlBS
CNologon-Blogon-BSendEmail-BUrl-,CNBlBSBU
Blogon-BSendEmail-BUrl-BSendEmail-,BlBSBUBS
BSendEmail-BUrl-BSendEmail-BUrl-,BSBUBSBU
BUrl-BSendEmail-BUrl-BSendEmail-,BUBSBUBS
BSendEmail-BUrl-BSendEmail-BUrl-,BSBUBSBU
BUrl-BSendEmail-BUrl-CUrl-,BUBSBUCU
BSendEmail-BUrl-CUrl-CNologon-,BSBUCUCN
BUrl-CUrl-CNologon-Blogon-,BUCUCNBl
CUrl-CNologon-Blogon-BUrl-,CUCNBlBU
CNologon-Blogon-BUrl-BSendEmail-,CNBlBUBS
Blogon-BUrl-BSendEmail-BUrl-,BlBUBSBU
BUrl-BSendEmail-BUrl-BSendEmail-,BUBSBUBS
BSendEmail-BUrl-BSendEmail-BUrl-,BSBUBSBU
BUrl-BSendEmail-BUrl-CUrl-,BUBSBUCU
BSendEmail-BUrl-CUrl-CSendEmail-,BSBUCUCS
BUrl-CUrl-CSendEmail-CUrl-,BUCUCSCU
CUrl-CSendEmail-CUrl-CNologon-,CUCSCUCN
CSendEmail-CUrl-CNologon-Blogon-,CSCUCNBl
CUrl-CNologon-Blogon-BUrl-,CUCNBlBU
CNologon-Blogon-BUrl-BSendEmail-,CNBlBUBS
Blogon-BUrl-BSendEmail-BUrl-,BlBUBSBU
BUrl-BSendEmail-BUrl-CSendEmail-,BUBSBUCS
BSendEmail-BUrl-CSendEmail-CUrl-,BSBUCSCU
BUrl-CSendEmail-CUrl-CSendEmail-,BUCSCUCS
CSendEmail-CUrl-CSendEmail-CUrl-,CSCUCSCU
CUrl-CSendEmail-CUrl-CNologon-,CUCSCUCN
CSendEmail-CUrl-CNologon-Blogon-,CSCUCNBl
CUrl-CNologon-Blogon-BUrl-,CUCNBlBU
CNologon-Blogon-BUrl-BSendEmail-,CNBlBUBS
Blogon-BUrl-BSendEmail-BUrl-,BlBUBSBU
BUrl-BSendEmail-BUrl-BSendEmail-,BUBSBUBS
BSendEmail-BUrl-BSendEmail-BUrl-,BSBUBSBU
BUrl-BSendEmail-BUrl-CUrl-,BUBSBUCU
BSendEmail-BUrl-CUrl-CSendEmail-,BSBUCUCS
BUrl-CUrl-CSendEmail-CUrl-,BUCUCSCU
CUrl-CSendEmail-CUrl-CNologon-,CUCSCUCN
CSendEmail-CUrl-CNologon-Blogon-,CSCUCNBl
CUrl-CNologon-Blogon-BUrl-,CUCNBlBU
CNologon-Blogon-BUrl-BSendEmail-,CNBlBUBS
Blogon-BUrl-BSendEmail-BUrl-,BlBUBSBU
BUrl-BSendEmail-BUrl-BSendEmail-,BUBSBUBS
BSendEmail-BUrl-BSendEmail-BSendEmail-,BSBUBSBS
BUrl-BSendEmail-BSendEmail-BUrl-,BUBSBSBU
BSendEmail-BSendEmail-BUrl-CUrl-,BSBSBUCU
BSendEmail-BUrl-CUrl-CNologon-,BSBUCUCN
BUrl-CUrl-CNologon-Blogon-,BUCUCNBl
CUrl-CNologon-Blogon-BUrl-,CUCNBlBU
CNologon-Blogon-BUrl-BSendEmail-,CNBlBUBS
Blogon-BUrl-BSendEmail-CUrl-,BlBUBSCU
BUrl-BSendEmail-CUrl-CSendEmail-,BUBSCUCS
BSendEmail-CUrl-CSendEmail-CUrl-,BSCUCSCU
CUrl-CSendEmail-CUrl-CSendEmail-,CUCSCUCS
CSendEmail-CUrl-CSendEmail-CUrl-,CSCUCSCU
CUrl-CSendEmail-CUrl-CNologon-,CUCSCUCN
CSendEmail-CUrl-CNologon-Blogon-,CSCUCNBl
CUrl-CNologon-Blogon-BUrl-,CUCNBlBU
CNologon-Blogon-BUrl-CUrl-,CNBlBUCU
Blogon-BUrl-CUrl-CSendEmail-,BlBUCUCS
BUrl-CUrl-CSendEmail-CSendEmail-,BUCUCSCS
CUrl-CSendEmail-CSendEmail-CSendEmail-,CUCSCSCS
CSendEmail-CSendEmail-CSendEmail-CUrl-,CSCSCSCU
CSendEmail-CSendEmail-CUrl-CNologon-,CSCSCUCN
CSendEmail-CUrl-CNologon-Blogon-,CSCUCNBl
CUrl-CNologon-Blogon-BSendEmail-,CUCNBlBS
CNologon-Blogon-BSendEmail-BUrl-,CNBlBSBU
Blogon-BSendEmail-BUrl-CUrl-,BlBSBUCU
BSendEmail-BUrl-CUrl-CSendEmail-,BSBUCUCS
BUrl-CUrl-CSendEmail-CSendEmail-,BUCUCSCS
CUrl-CSendEmail-CSendEmail-CUrl-,CUCSCSCU
CSendEmail-CSendEmail-CUrl-CNologon-,CSCSCUCN
CSendEmail-CUrl-CNologon-Blogon-,CSCUCNBl
CUrl-CNologon-Blogon-BUrl-,CUCNBlBU
CNologon-Blogon-BUrl-BSendEmail-,CNBlBUBS
Blogon-BUrl-BSendEmail-CUrl-,BlBUBSCU
BUrl-BSendEmail-CUrl-CSendEmail-,BUBSCUCS
BSendEmail-CUrl-CSendEmail-CUrl-,BSCUCSCU
CUrl-CSendEmail-CUrl-CSendEmail-,CUCSCUCS
CSendEmail-CUrl-CSendEmail-CUrl-,CSCUCSCU
CUrl-CSendEmail-CUrl-CNologon-,CUCSCUCN
CSendEmail-CUrl-CNologon-Blogon-,CSCUCNBl
CUrl-CNologon-Blogon-BUrl-,CUCNBlBU
CNologon-Blogon-BUrl-CUrl-,CNBlBUCU
Blogon-BUrl-CUrl-CSendEmail-,BlBUCUCS
BUrl-CUrl-CSendEmail-CSendEmail-,BUCUCSCS
CUrl-CSendEmail-CSendEmail-CSendEmail-,CUCSCSCS
CSendEmail-CSendEmail-CSendEmail-CUrl-,CSCSCSCU
CSendEmail-CSendEmail-CUrl-CNologon-,CSCSCUCN
CSendEmail-CUrl-CNologon-Blogon-,CSCUCNBl
CUrl-CNologon-Blogon-BUrl-,CUCNBlBU
CNologon-Blogon-BUrl-BSendEmail-,CNBlBUBS
Blogon-BUrl-BSendEmail-BSendEmail-,BlBUBSBS
BUrl-BSendEmail-BSendEmail-BUrl-,BUBSBSBU
BSendEmail-BSendEmail-BUrl-CUrl-,BSBSBUCU
BSendEmail-BUrl-CUrl-CSendEmail-,BSBUCUCS
BUrl-CUrl-CSendEmail-CUrl-,BUCUCSCU
CUrl-CSendEmail-CUrl-CNologon-,CUCSCUCN
CSendEmail-CUrl-CNologon-Blogon-,CSCUCNBl
CUrl-CNologon-Blogon-BUrl-,CUCNBlBU
CNologon-Blogon-BUrl-BSendEmail-,CNBlBUBS
Blogon-BUrl-BSendEmail-BUrl-,BlBUBSBU
BUrl-BSendEmail-BUrl-BSendEmail-,BUBSBUBS
BSendEmail-BUrl-BSendEmail-BUrl-,BSBUBSBU
BUrl-BSendEmail-BUrl-BSendEmail-,BUBSBUBS
BSendEmail-BUrl-BSendEmail-BUrl-,BSBUBSBU
BUrl-BSendEmail-BUrl-CUrl-,BUBSBUCU
BSendEmail-BUrl-CUrl-CNologon-,BSBUCUCN
BUrl-CUrl-CNologon-Blogon-,BUCUCNBl
CUrl-CNologon-Blogon-BUrl-,CUCNBlBU
CNologon-Blogon-BUrl-BSendEmail-,CNBlBUBS
Blogon-BUrl-BSendEmail-BSendEmail-,BlBUBSBS
BUrl-BSendEmail-BSendEmail-BUrl-,BUBSBSBU
BSendEmail-BSendEmail-BUrl-CUrl-,BSBSBUCU
BSendEmail-BUrl-CUrl-CSendEmail-,BSBUCUCS
BUrl-CUrl-CSendEmail-CUrl-,BUCUCSCU
CUrl-CSendEmail-CUrl-CNologon-,CUCSCUCN
CSendEmail-CUrl-CNologon-Blogon-,CSCUCNBl
CUrl-CNologon-Blogon-BUrl-,CUCNBlBU
CNologon-Blogon-BUrl-CUrl-,CNBlBUCU
Blogon-BUrl-CUrl-CSendEmail-,BlBUCUCS
BUrl-CUrl-CSendEmail-CSendEmail-,BUCUCSCS
CUrl-CSendEmail-CSendEmail-CUrl-,CUCSCSCU
CSendEmail-CSendEmail-CUrl-CSendEmail-,CSCSCUCS
CSendEmail-CUrl-CSendEmail-CNologon-,CSCUCSCN
CUrl-CSendEmail-CNologon-Blogon-,CUCSCNBl
CSendEmail-CNologon-Blogon-BUrl-,CSCNBlBU
CNologon-Blogon-BUrl-BSendEmail-,CNBlBUBS
Blogon-BUrl-BSendEmail-BUrl-,BlBUBSBU
BUrl-BSendEmail-BUrl-CSendEmail-,BUBSBUCS
BSendEmail-BUrl-CSendEmail-CUrl-,BSBUCSCU
BUrl-CSendEmail-CUrl-CSendEmail-,BUCSCUCS
CSendEmail-CUrl-CSendEmail-CUrl-,CSCUCSCU
CUrl-CSendEmail-CUrl-CNologon-,CUCSCUCN
CSendEmail-CUrl-CNologon-Blogon-,CSCUCNBl
CUrl-CNologon-Blogon-BUrl-,CUCNBlBU
CNologon-Blogon-BUrl-BSendEmail-,CNBlBUBS
Blogon-BUrl-BSendEmail-BUrl-,BlBUBSBU
BUrl-BSendEmail-BUrl-BSendEmail-,BUBSBUBS
BSendEmail-BUrl-BSendEmail-BSendEmail-,BSBUBSBS
BUrl-BSendEmail-BSendEmail-CUrl-,BUBSBSCU
BSendEmail-BSendEmail-CUrl-CNologon-,BSBSCUCN
BSendEmail-CUrl-CNologon-Blogon-,BSCUCNBl
CUrl-CNologon-Blogon-BUrl-,CUCNBlBU
CNologon-Blogon-BUrl-BSendEmail-,CNBlBUBS
Blogon-BUrl-BSendEmail-BUrl-,BlBUBSBU
BUrl-BSendEmail-BUrl-CUrl-,BUBSBUCU
BSendEmail-BUrl-CUrl-CSendEmail-,BSBUCUCS
BUrl-CUrl-CSendEmail-CUrl-,BUCUCSCU
CUrl-CSendEmail-CUrl-CSendEmail-,CUCSCUCS
CSendEmail-CUrl-CSendEmail-CUrl-,CSCUCSCU
CUrl-CSendEmail-CUrl-CNologon-,CUCSCUCN
CSendEmail-CUrl-CNologon-Blogon-,CSCUCNBl
CUrl-CNologon-Blogon-BUrl-,CUCNBlBU
CNologon-Blogon-BUrl-BSendEmail-,CNBlBUBS
Blogon-BUrl-BSendEmail-BUrl-,BlBUBSBU
BUrl-BSendEmail-BUrl-CUrl-,BUBSBUCU
BSendEmail-BUrl-CUrl-CSendEmail-,BSBUCUCS
BUrl-CUrl-CSendEmail-CSendEmail-,BUCUCSCS
CUrl-CSendEmail-CSendEmail-CUrl-,CUCSCSCU
CSendEmail-CSendEmail-CUrl-CNologon-,CSCSCUCN
CSendEmail-CUrl-CNologon-Blogon-,CSCUCNBl
CUrl-CNologon-Blogon-BSendEmail-,CUCNBlBS
CNologon-Blogon-BSendEmail-BUrl-,CNBlBSBU
Blogon-BSendEmail-BUrl-BSendEmail-,BlBSBUBS
BSendEmail-BUrl-BSendEmail-BUrl-,BSBUBSBU
BUrl-BSendEmail-BUrl-CUrl-,BUBSBUCU
BSendEmail-BUrl-CUrl-CSendEmail-,BSBUCUCS
BUrl-CUrl-CSendEmail-CNologon-,BUCUCSCN
CUrl-CSendEmail-CNologon-Blogon-,CUCSCNBl
CSendEmail-CNologon-Blogon-BSendEmail-,CSCNBlBS
CNologon-Blogon-BSendEmail-BUrl-,CNBlBSBU
Blogon-BSendEmail-BUrl-BSendEmail-,BlBSBUBS
BSendEmail-BUrl-BSendEmail-BUrl-,BSBUBSBU
BUrl-BSendEmail-BUrl-CSendEmail-,BUBSBUCS
BSendEmail-BUrl-CSendEmail-CUrl-,BSBUCSCU
BUrl-CSendEmail-CUrl-CNologon-,BUCSCUCN
CSendEmail-CUrl-CNologon-Blogon-,CSCUCNBl
CUrl-CNologon-Blogon-BUrl-,CUCNBlBU
CNologon-Blogon-BUrl-CUrl-,CNBlBUCU
Blogon-BUrl-CUrl-CSendEmail-,BlBUCUCS
BUrl-CUrl-CSendEmail-CSendEmail-,BUCUCSCS
CUrl-CSendEmail-CSendEmail-CUrl-,CUCSCSCU
CSendEmail-CSendEmail-CUrl-CSendEmail-,CSCSCUCS
CSendEmail-CUrl-CSendEmail-CUrl-,CSCUCSCU
CUrl-CSendEmail-CUrl-CNologon-,CUCSCUCN
CSendEmail-CUrl-CNologon-Blogon-,CSCUCNBl
CUrl-CNologon-Blogon-BUrl-,CUCNBlBU
CNologon-Blogon-BUrl-BSendEmail-,CNBlBUBS
Blogon-BUrl-BSendEmail-BSendEmail-,BlBUBSBS
BUrl-BSendEmail-BSendEmail-BUrl-,BUBSBSBU
BSendEmail-BSendEmail-BUrl-CUrl-,BSBSBUCU
BSendEmail-BUrl-CUrl-CSendEmail-,BSBUCUCS
BUrl-CUrl-CSendEmail-CUrl-,BUCUCSCU
CUrl-CSendEmail-CUrl-CNologon-,CUCSCUCN
CSendEmail-CUrl-CNologon-Blogon-,CSCUCNBl
CUrl-CNologon-Blogon-BUrl-,CUCNBlBU
CNologon-Blogon-BUrl-BSendEmail-,CNBlBUBS
Blogon-BUrl-BSendEmail-BSendEmail-,BlBUBSBS
BUrl-BSendEmail-BSendEmail-BUrl-,BUBSBSBU
BSendEmail-BSendEmail-BUrl-BSendEmail-,BSBSBUBS
BSendEmail-BUrl-BSendEmail-CUrl-,BSBUBSCU
BUrl-BSendEmail-CUrl-CNologon-,BUBSCUCN
BSendEmail-CUrl-CNologon-Blogon-,BSCUCNBl
CUrl-CNologon-Blogon-BUrl-,CUCNBlBU
CNologon-Blogon-BUrl-CUrl-,CNBlBUCU
Blogon-BUrl-CUrl-CSendEmail-,BlBUCUCS
BUrl-CUrl-CSendEmail-CSendEmail-,BUCUCSCS
CUrl-CSendEmail-CSendEmail-CUrl-,CUCSCSCU
CSendEmail-CSendEmail-CUrl-CSendEmail-,CSCSCUCS
CSendEmail-CUrl-CSendEmail-CUrl-,CSCUCSCU
CUrl-CSendEmail-CUrl-CNologon-,CUCSCUCN
CSendEmail-CUrl-CNologon-Blogon-,CSCUCNBl
CUrl-CNologon-Blogon-BUrl-,CUCNBlBU
CNologon-Blogon-BUrl-CUrl-,CNBlBUCU
Blogon-BUrl-CUrl-CSendEmail-,BlBUCUCS
BUrl-CUrl-CSendEmail-CSendEmail-,BUCUCSCS
CUrl-CSendEmail-CSendEmail-CUrl-,CUCSCSCU
CSendEmail-CSendEmail-CUrl-CSendEmail-,CSCSCUCS
CSendEmail-CUrl-CSendEmail-CUrl-,CSCUCSCU
CUrl-CSendEmail-CUrl-CNologon-,CUCSCUCN
CSendEmail-CUrl-CNologon-Blogon-,CSCUCNBl
CUrl-CNologon-Blogon-BUrl-,CUCNBlBU
CNologon-Blogon-BUrl-CUrl-,CNBlBUCU
Blogon-BUrl-CUrl-CSendEmail-,BlBUCUCS
BUrl-CUrl-CSendEmail-CUrl-,BUCUCSCU
CUrl-CSendEmail-CUrl-CSendEmail-,CUCSCUCS
CSendEmail-CUrl-CSendEmail-CUrl-,CSCUCSCU
CUrl-CSendEmail-CUrl-CSendEmail-,CUCSCUCS
CSendEmail-CUrl-CSendEmail-CUrl-,CSCUCSCU
CUrl-CSendEmail-CUrl-CNologon-,CUCSCUCN
CSendEmail-CUrl-CNologon-Blogon-,CSCUCNBl
CUrl-CNologon-Blogon-BUrl-,CUCNBlBU
CNologon-Blogon-BUrl-BSendEmail-,CNBlBUBS
Blogon-BUrl-BSendEmail-BUrl-,BlBUBSBU
BUrl-BSendEmail-BUrl-BSendEmail-,BUBSBUBS
BSendEmail-BUrl-BSendEmail-BUrl-,BSBUBSBU
BUrl-BSendEmail-BUrl-CUrl-,BUBSBUCU
BSendEmail-BUrl-CUrl-CSendEmail-,BSBUCUCS
BUrl-CUrl-CSendEmail-CUrl-,BUCUCSCU
CUrl-CSendEmail-CUrl-CNologon-,CUCSCUCN
CSendEmail-CUrl-CNologon-Blogon-,CSCUCNBl
CUrl-CNologon-Blogon-BUrl-,CUCNBlBU
CNologon-Blogon-BUrl-CUrl-,CNBlBUCU
Blogon-BUrl-CUrl-CSendEmail-,BlBUCUCS
BUrl-CUrl-CSendEmail-CUrl-,BUCUCSCU
CUrl-CSendEmail-CUrl-CSendEmail-,CUCSCUCS
CSendEmail-CUrl-CSendEmail-CSendEmail-,CSCUCSCS
CUrl-CSendEmail-CSendEmail-CUrl-,CUCSCSCU
CSendEmail-CSendEmail-CUrl-CNologon-,CSCSCUCN
CSendEmail-CUrl-CNologon-Blogon-,CSCUCNBl
CUrl-CNologon-Blogon-BUrl-,CUCNBlBU
CNologon-Blogon-BUrl-CUrl-,CNBlBUCU
Blogon-BUrl-CUrl-CSendEmail-,BlBUCUCS
BUrl-CUrl-CSendEmail-CSendEmail-,BUCUCSCS
CUrl-CSendEmail-CSendEmail-CSendEmail-,CUCSCSCS
CSendEmail-CSendEmail-CSendEmail-CUrl-,CSCSCSCU
CSendEmail-CSendEmail-CUrl-CNologon-,CSCSCUCN
CSendEmail-CUrl-CNologon-Blogon-,CSCUCNBl
CUrl-CNologon-Blogon-BUrl-,CUCNBlBU
CNologon-Blogon-BUrl-CUrl-,CNBlBUCU
Blogon-BUrl-CUrl-CSendEmail-,BlBUCUCS
BUrl-CUrl-CSendEmail-CUrl-,BUCUCSCU
CUrl-CSendEmail-CUrl-CSendEmail-,CUCSCUCS
CSendEmail-CUrl-CSendEmail-CUrl-,CSCUCSCU
CUrl-CSendEmail-CUrl-CSendEmail-,CUCSCUCS
CSendEmail-CUrl-CSendEmail-CNologon-,CSCUCSCN
CUrl-CSendEmail-CNologon-Blogon-,CUCSCNBl
CSendEmail-CNologon-Blogon-BUrl-,CSCNBlBU
CNologon-Blogon-BUrl-BSendEmail-,CNBlBUBS
Blogon-BUrl-BSendEmail-BSendEmail-,BlBUBSBS
BUrl-BSendEmail-BSendEmail-BSendEmail-,BUBSBSBS
BSendEmail-BSendEmail-BSendEmail-BUrl-,BSBSBSBU
BSendEmail-BSendEmail-BUrl-CUrl-,BSBSBUCU
BSendEmail-BUrl-CUrl-CNologon-,BSBUCUCN
BUrl-CUrl-CNologon-Blogon-,BUCUCNBl
CUrl-CNologon-Blogon-BUrl-,CUCNBlBU
CNologon-Blogon-BUrl-CUrl-,CNBlBUCU
Blogon-BUrl-CUrl-CSendEmail-,BlBUCUCS
BUrl-CUrl-CSendEmail-CUrl-,BUCUCSCU
CUrl-CSendEmail-CUrl-CSendEmail-,CUCSCUCS
CSendEmail-CUrl-CSendEmail-CSendEmail-,CSCUCSCS
CUrl-CSendEmail-CSendEmail-CNologon-,CUCSCSCN
CSendEmail-CSendEmail-CNologon-Blogon-,CSCSCNBl
CSendEmail-CNologon-Blogon-BUrl-,CSCNBlBU
CNologon-Blogon-BUrl-BSendEmail-,CNBlBUBS
Blogon-BUrl-BSendEmail-BSendEmail-,BlBUBSBS
BUrl-BSendEmail-BSendEmail-BUrl-,BUBSBSBU
BSendEmail-BSendEmail-BUrl-CUrl-,BSBSBUCU
BSendEmail-BUrl-CUrl-CSendEmail-,BSBUCUCS
BUrl-CUrl-CSendEmail-CUrl-,BUCUCSCU
CUrl-CSendEmail-CUrl-CNologon-,CUCSCUCN
CSendEmail-CUrl-CNologon-Blogon-,CSCUCNBl
CUrl-CNologon-Blogon-BUrl-,CUCNBlBU
CNologon-Blogon-BUrl-CUrl-,CNBlBUCU
Blogon-BUrl-CUrl-CSendEmail-,BlBUCUCS
BUrl-CUrl-CSendEmail-CUrl-,BUCUCSCU
CUrl-CSendEmail-CUrl-CSendEmail-,CUCSCUCS
CSendEmail-CUrl-CSendEmail-CUrl-,CSCUCSCU
CUrl-CSendEmail-CUrl-CSendEmail-,CUCSCUCS
CSendEmail-CUrl-CSendEmail-CUrl-,CSCUCSCU
CUrl-CSendEmail-CUrl-CNologon-,CUCSCUCN
CSendEmail-CUrl-CNologon-Blogon-,CSCUCNBl
CUrl-CNologon-Blogon-BSendEmail-,CUCNBlBS
CNologon-Blogon-BSendEmail-BSendEmail-,CNBlBSBS
Blogon-BSendEmail-BSendEmail-BSendEmail-,BlBSBSBS
BSendEmail-BSendEmail-BSendEmail-BUrl-,BSBSBSBU
BSendEmail-BSendEmail-BUrl-CUrl-,BSBSBUCU
BSendEmail-BUrl-CUrl-CNologon-,BSBUCUCN
BUrl-CUrl-CNologon-Blogon-,BUCUCNBl
CUrl-CNologon-Blogon-BUrl-,CUCNBlBU
CNologon-Blogon-BUrl-CSendEmail-,CNBlBUCS
Blogon-BUrl-CSendEmail-CUrl-,BlBUCSCU
BUrl-CSendEmail-CUrl-CSendEmail-,BUCSCUCS
CSendEmail-CUrl-CSendEmail-CSendEmail-,CSCUCSCS
CUrl-CSendEmail-CSendEmail-CUrl-,CUCSCSCU
CSendEmail-CSendEmail-CUrl-CNologon-,CSCSCUCN
CSendEmail-CUrl-CNologon-Blogon-,CSCUCNBl
CUrl-CNologon-Blogon-BUrl-,CUCNBlBU
CNologon-Blogon-BUrl-BSendEmail-,CNBlBUBS
Blogon-BUrl-BSendEmail-BSendEmail-,BlBUBSBS
BUrl-BSendEmail-BSendEmail-BUrl-,BUBSBSBU
BSendEmail-BSendEmail-BUrl-CUrl-,BSBSBUCU
BSendEmail-BUrl-CUrl-CSendEmail-,BSBUCUCS
BUrl-CUrl-CSendEmail-CNologon-,BUCUCSCN
CUrl-CSendEmail-CNologon-Blogon-,CUCSCNBl
CSendEmail-CNologon-Blogon-BSendEmail-,CSCNBlBS
CNologon-Blogon-BSendEmail-BUrl-,CNBlBSBU
Blogon-BSendEmail-BUrl-BSendEmail-,BlBSBUBS
BSendEmail-BUrl-BSendEmail-BSendEmail-,BSBUBSBS
BUrl-BSendEmail-BSendEmail-BUrl-,BUBSBSBU
BSendEmail-BSendEmail-BUrl-CUrl-,BSBSBUCU
BSendEmail-BUrl-CUrl-CNologon-,BSBUCUCN
BUrl-CUrl-CNologon-Blogon-,BUCUCNBl
CUrl-CNologon-Blogon-BUrl-,CUCNBlBU
CNologon-Blogon-BUrl-BSendEmail-,CNBlBUBS
Blogon-BUrl-BSendEmail-BUrl-,BlBUBSBU
BUrl-BSendEmail-BUrl-BSendEmail-,BUBSBUBS
BSendEmail-BUrl-BSendEmail-BUrl-,BSBUBSBU
BUrl-BSendEmail-BUrl-CUrl-,BUBSBUCU
BSendEmail-BUrl-CUrl-CSendEmail-,BSBUCUCS
BUrl-CUrl-CSendEmail-CUrl-,BUCUCSCU
CUrl-CSendEmail-CUrl-CNologon-,CUCSCUCN
CSendEmail-CUrl-CNologon-Blogon-,CSCUCNBl
CUrl-CNologon-Blogon-BUrl-,CUCNBlBU
CNologon-Blogon-BUrl-BSendEmail-,CNBlBUBS
Blogon-BUrl-BSendEmail-BUrl-,BlBUBSBU
BUrl-BSendEmail-BUrl-BSendEmail-,BUBSBUBS
BSendEmail-BUrl-BSendEmail-BUrl-,BSBUBSBU
BUrl-BSendEmail-BUrl-CUrl-,BUBSBUCU
BSendEmail-BUrl-CUrl-CSendEmail-,BSBUCUCS
BUrl-CUrl-CSendEmail-CUrl-,BUCUCSCU
CUrl-CSendEmail-CUrl-CNologon-,CUCSCUCN
CSendEmail-CUrl-CNologon-Blogon-,CSCUCNBl
CUrl-CNologon-Blogon-BUrl-,CUCNBlBU
CNologon-Blogon-BUrl-CUrl-,CNBlBUCU
Blogon-BUrl-CUrl-CSendEmail-,BlBUCUCS
BUrl-CUrl-CSendEmail-CSendEmail-,BUCUCSCS
CUrl-CSendEmail-CSendEmail-CUrl-,CUCSCSCU
CSendEmail-CSendEmail-CUrl-CSendEmail-,CSCSCUCS
CSendEmail-CUrl-CSendEmail-CUrl-,CSCUCSCU
CUrl-CSendEmail-CUrl-CNologon-,CUCSCUCN
CSendEmail-CUrl-CNologon-Blogon-,CSCUCNBl
CUrl-CNologon-Blogon-BUrl-,CUCNBlBU
CNologon-Blogon-BUrl-BSendEmail-,CNBlBUBS
Blogon-BUrl-BSendEmail-BUrl-,BlBUBSBU
BUrl-BSendEmail-BUrl-CUrl-,BUBSBUCU
BSendEmail-BUrl-CUrl-CSendEmail-,BSBUCUCS
BUrl-CUrl-CSendEmail-CUrl-,BUCUCSCU
CUrl-CSendEmail-CUrl-CSendEmail-,CUCSCUCS
CSendEmail-CUrl-CSendEmail-CUrl-,CSCUCSCU
CUrl-CSendEmail-CUrl-CNologon-,CUCSCUCN
CSendEmail-CUrl-CNologon-Blogon-,CSCUCNBl
CUrl-CNologon-Blogon-BUrl-,CUCNBlBU
CNologon-Blogon-BUrl-BSendEmail-,CNBlBUBS
Blogon-BUrl-BSendEmail-BUrl-,BlBUBSBU
BUrl-BSendEmail-BUrl-BSendEmail-,BUBSBUBS
BSendEmail-BUrl-BSendEmail-BSendEmail-,BSBUBSBS
BUrl-BSendEmail-BSendEmail-CUrl-,BUBSBSCU
BSendEmail-BSendEmail-CUrl-CNologon-,BSBSCUCN
BSendEmail-CUrl-CNologon-Blogon-,BSCUCNBl
CUrl-CNologon-Blogon-BSendEmail-,CUCNBlBS
CNologon-Blogon-BSendEmail-BUrl-,CNBlBSBU
Blogon-BSendEmail-BUrl-BSendEmail-,BlBSBUBS
BSendEmail-BUrl-BSendEmail-BUrl-,BSBUBSBU
BUrl-BSendEmail-BUrl-CUrl-,BUBSBUCU
BSendEmail-BUrl-CUrl-CSendEmail-,BSBUCUCS
BUrl-CUrl-CSendEmail-CUrl-,BUCUCSCU
CUrl-CSendEmail-CUrl-CNologon-,CUCSCUCN
CSendEmail-CUrl-CNologon-Blogon-,CSCUCNBl
CUrl-CNologon-Blogon-BUrl-,CUCNBlBU
CNologon-Blogon-BUrl-BSendEmail-,CNBlBUBS
Blogon-BUrl-BSendEmail-BSendEmail-,BlBUBSBS
BUrl-BSendEmail-BSendEmail-BUrl-,BUBSBSBU
BSendEmail-BSendEmail-BUrl-CSendEmail-,BSBSBUCS
BSendEmail-BUrl-CSendEmail-CUrl-,BSBUCSCU
BUrl-CSendEmail-CUrl-CNologon-,BUCSCUCN
CSendEmail-CUrl-CNologon-Blogon-,CSCUCNBl
CUrl-CNologon-Blogon-BUrl-,CUCNBlBU
CNologon-Blogon-BUrl-BSendEmail-,CNBlBUBS
Blogon-BUrl-BSendEmail-CUrl-,BlBUBSCU
BUrl-BSendEmail-CUrl-CSendEmail-,BUBSCUCS
BSendEmail-CUrl-CSendEmail-CUrl-,BSCUCSCU
CUrl-CSendEmail-CUrl-CNologon-,CUCSCUCN
CSendEmail-CUrl-CNologon-Blogon-,CSCUCNBl
CUrl-CNologon-Blogon-BUrl-,CUCNBlBU
CNologon-Blogon-BUrl-CUrl-,CNBlBUCU
Blogon-BUrl-CUrl-CSendEmail-,BlBUCUCS
BUrl-CUrl-CSendEmail-CSendEmail-,BUCUCSCS
CUrl-CSendEmail-CSendEmail-CSendEmail-,CUCSCSCS
CSendEmail-CSendEmail-CSendEmail-CUrl-,CSCSCSCU
CSendEmail-CSendEmail-CUrl-CNologon-,CSCSCUCN
CSendEmail-CUrl-CNologon-Blogon-,CSCUCNBl
CUrl-CNologon-Blogon-BUrl-,CUCNBlBU
CNologon-Blogon-BUrl-BSendEmail-,CNBlBUBS
Blogon-BUrl-BSendEmail-BUrl-,BlBUBSBU
BUrl-BSendEmail-BUrl-CUrl-,BUBSBUCU
BSendEmail-BUrl-CUrl-CSendEmail-,BSBUCUCS
BUrl-CUrl-CSendEmail-CUrl-,BUCUCSCU
CUrl-CSendEmail-CUrl-CSendEmail-,CUCSCUCS
CSendEmail-CUrl-CSendEmail-CUrl-,CSCUCSCU
CUrl-CSendEmail-CUrl-CNologon-,CUCSCUCN
CSendEmail-CUrl-CNologon-Blogon-,CSCUCNBl
CUrl-CNologon-Blogon-BUrl-,CUCNBlBU
CNologon-Blogon-BUrl-CUrl-,CNBlBUCU
Blogon-BUrl-CUrl-CSendEmail-,BlBUCUCS
BUrl-CUrl-CSendEmail-CSendEmail-,BUCUCSCS
CUrl-CSendEmail-CSendEmail-CUrl-,CUCSCSCU
CSendEmail-CSendEmail-CUrl-CSendEmail-,CSCSCUCS
CSendEmail-CUrl-CSendEmail-CUrl-,CSCUCSCU
CUrl-CSendEmail-CUrl-CNologon-,CUCSCUCN
CSendEmail-CUrl-CNologon-Blogon-,CSCUCNBl
CUrl-CNologon-Blogon-BUrl-,CUCNBlBU
CNologon-Blogon-BUrl-BSendEmail-,CNBlBUBS
Blogon-BUrl-BSendEmail-BUrl-,BlBUBSBU
BUrl-BSendEmail-BUrl-BSendEmail-,BUBSBUBS
BSendEmail-BUrl-BSendEmail-BUrl-,BSBUBSBU
BUrl-BSendEmail-BUrl-BSendEmail-,BUBSBUBS
BSendEmail-BUrl-BSendEmail-BUrl-,BSBUBSBU
BUrl-BSendEmail-BUrl-CUrl-,BUBSBUCU
BSendEmail-BUrl-CUrl-CNologon-,BSBUCUCN
BUrl-CUrl-CNologon-Blogon-,BUCUCNBl
CUrl-CNologon-Blogon-BUrl-,CUCNBlBU
CNologon-Blogon-BUrl-CUrl-,CNBlBUCU
Blogon-BUrl-CUrl-CSendEmail-,BlBUCUCS
BUrl-CUrl-CSendEmail-CUrl-,BUCUCSCU
CUrl-CSendEmail-CUrl-CSendEmail-,CUCSCUCS
CSendEmail-CUrl-CSendEmail-CSendEmail-,CSCUCSCS
CUrl-CSendEmail-CSendEmail-CUrl-,CUCSCSCU
CSendEmail-CSendEmail-CUrl-CNologon-,CSCSCUCN
CSendEmail-CUrl-CNologon-Blogon-,CSCUCNBl
CUrl-CNologon-Blogon-BUrl-,CUCNBlBU
CNologon-Blogon-BUrl-CUrl-,CNBlBUCU
Blogon-BUrl-CUrl-CSendEmail-,BlBUCUCS
BUrl-CUrl-CSendEmail-CUrl-,BUCUCSCU
CUrl-CSendEmail-CUrl-CSendEmail-,CUCSCUCS
CSendEmail-CUrl-CSendEmail-CUrl-,CSCUCSCU
CUrl-CSendEmail-CUrl-CSendEmail-,CUCSCUCS
CSendEmail-CUrl-CSendEmail-CUrl-,CSCUCSCU
CUrl-CSendEmail-CUrl-CNologon-,CUCSCUCN
CSendEmail-CUrl-CNologon-Blogon-,CSCUCNBl
CUrl-CNologon-Blogon-BUrl-,CUCNBlBU
CNologon-Blogon-BUrl-BSendEmail-,CNBlBUBS
Blogon-BUrl-BSendEmail-BUrl-,BlBUBSBU
BUrl-BSendEmail-BUrl-BSendEmail-,BUBSBUBS
BSendEmail-BUrl-BSendEmail-BSendEmail-,BSBUBSBS
BUrl-BSendEmail-BSendEmail-BUrl-,BUBSBSBU
BSendEmail-BSendEmail-BUrl-CUrl-,BSBSBUCU
BSendEmail-BUrl-CUrl-CNologon-,BSBUCUCN
BUrl-CUrl-CNologon-Blogon-,BUCUCNBl
CUrl-CNologon-Blogon-BSendEmail-,CUCNBlBS
CNologon-Blogon-BSendEmail-BSendEmail-,CNBlBSBS
Blogon-BSendEmail-BSendEmail-BSendEmail-,BlBSBSBS
BSendEmail-BSendEmail-BSendEmail-BUrl-,BSBSBSBU
BSendEmail-BSendEmail-BUrl-CUrl-,BSBSBUCU
BSendEmail-BUrl-CUrl-CNologon-,BSBUCUCN
BUrl-CUrl-CNologon-Blogon-,BUCUCNBl
CUrl-CNologon-Blogon-BUrl-,CUCNBlBU
CNologon-Blogon-BUrl-CUrl-,CNBlBUCU
Blogon-BUrl-CUrl-CSendEmail-,BlBUCUCS
BUrl-CUrl-CSendEmail-CSendEmail-,BUCUCSCS
CUrl-CSendEmail-CSendEmail-CSendEmail-,CUCSCSCS
CSendEmail-CSendEmail-CSendEmail-CUrl-,CSCSCSCU
CSendEmail-CSendEmail-CUrl-CNologon-,CSCSCUCN
CSendEmail-CUrl-CNologon-Blogon-,CSCUCNBl
CUrl-CNologon-Blogon-BUrl-,CUCNBlBU
CNologon-Blogon-BUrl-CUrl-,CNBlBUCU
Blogon-BUrl-CUrl-CSendEmail-,BlBUCUCS
BUrl-CUrl-CSendEmail-CSendEmail-,BUCUCSCS
CUrl-CSendEmail-CSendEmail-CUrl-,CUCSCSCU
CSendEmail-CSendEmail-CUrl-CSendEmail-,CSCSCUCS
CSendEmail-CUrl-CSendEmail-CNologon-,CSCUCSCN
CUrl-CSendEmail-CNologon-Blogon-,CUCSCNBl
CSendEmail-CNologon-Blogon-BUrl-,CSCNBlBU
CNologon-Blogon-BUrl-CUrl-,CNBlBUCU
Blogon-BUrl-CUrl-CSendEmail-,BlBUCUCS
BUrl-CUrl-CSendEmail-CSendEmail-,BUCUCSCS
CUrl-CSendEmail-CSendEmail-CSendEmail-,CUCSCSCS
CSendEmail-CSendEmail-CSendEmail-CUrl-,CSCSCSCU
CSendEmail-CSendEmail-CUrl-CNologon-,CSCSCUCN
CSendEmail-CUrl-CNologon-Blogon-,CSCUCNBl
CUrl-CNologon-Blogon-BUrl-,CUCNBlBU
CNologon-Blogon-BUrl-BSendEmail-,CNBlBUBS
Blogon-BUrl-BSendEmail-BUrl-,BlBUBSBU
BUrl-BSendEmail-BUrl-BSendEmail-,BUBSBUBS
BSendEmail-BUrl-BSendEmail-BUrl-,BSBUBSBU
BUrl-BSendEmail-BUrl-CUrl-,BUBSBUCU
BSendEmail-BUrl-CUrl-CSendEmail-,BSBUCUCS
BUrl-CUrl-CSendEmail-CUrl-,BUCUCSCU
CUrl-CSendEmail-CUrl-CNologon-,CUCSCUCN
CSendEmail-CUrl-CNologon-Blogon-,CSCUCNBl
CUrl-CNologon-Blogon-BUrl-,CUCNBlBU
CNologon-Blogon-BUrl-CUrl-,CNBlBUCU
Blogon-BUrl-CUrl-CSendEmail-,BlBUCUCS
BUrl-CUrl-CSendEmail-CUrl-,BUCUCSCU
CUrl-CSendEmail-CUrl-CSendEmail-,CUCSCUCS
CSendEmail-CUrl-CSendEmail-CSendEmail-,CSCUCSCS
CUrl-CSendEmail-CSendEmail-CUrl-,CUCSCSCU
CSendEmail-CSendEmail-CUrl-CNologon-,CSCSCUCN
CSendEmail-CUrl-CNologon-Blogon-,CSCUCNBl
CUrl-CNologon-Blogon-BUrl-,CUCNBlBU
CNologon-Blogon-BUrl-BSendEmail-,CNBlBUBS
Blogon-BUrl-BSendEmail-BSendEmail-,BlBUBSBS
BUrl-BSendEmail-BSendEmail-BSendEmail-,BUBSBSBS
BSendEmail-BSendEmail-BSendEmail-BUrl-,BSBSBSBU
BSendEmail-BSendEmail-BUrl-CUrl-,BSBSBUCU
BSendEmail-BUrl-CUrl-CNologon-,BSBUCUCN
BUrl-CUrl-CNologon-Blogon-,BUCUCNBl
CUrl-CNologon-Blogon-BUrl-,CUCNBlBU
CNologon-Blogon-BUrl-BSendEmail-,CNBlBUBS
Blogon-BUrl-BSendEmail-BUrl-,BlBUBSBU
BUrl-BSendEmail-BUrl-BSendEmail-,BUBSBUBS
BSendEmail-BUrl-BSendEmail-BUrl-,BSBUBSBU
BUrl-BSendEmail-BUrl-CUrl-,BUBSBUCU
BSendEmail-BUrl-CUrl-CSendEmail-,BSBUCUCS
BUrl-CUrl-CSendEmail-CUrl-,BUCUCSCU
CUrl-CSendEmail-CUrl-CNologon-,CUCSCUCN
CSendEmail-CUrl-CNologon-Blogon-,CSCUCNBl
CUrl-CNologon-Blogon-BUrl-,CUCNBlBU
CNologon-Blogon-BUrl-CUrl-,CNBlBUCU
Blogon-BUrl-CUrl-CSendEmail-,BlBUCUCS
BUrl-CUrl-CSendEmail-CSendEmail-,BUCUCSCS
CUrl-CSendEmail-CSendEmail-CSendEmail-,CUCSCSCS
CSendEmail-CSendEmail-CSendEmail-CUrl-,CSCSCSCU
CSendEmail-CSendEmail-CUrl-CNologon-,CSCSCUCN
CSendEmail-CUrl-CNologon-Blogon-,CSCUCNBl
CUrl-CNologon-Blogon-BUrl-,CUCNBlBU
CNologon-Blogon-BUrl-BSendEmail-,CNBlBUBS
Blogon-BUrl-BSendEmail-BUrl-,BlBUBSBU
BUrl-BSendEmail-BUrl-CUrl-,BUBSBUCU
BSendEmail-BUrl-CUrl-CSendEmail-,BSBUCUCS
BUrl-CUrl-CSendEmail-CUrl-,BUCUCSCU
CUrl-CSendEmail-CUrl-CSendEmail-,CUCSCUCS
CSendEmail-CUrl-CSendEmail-CUrl-,CSCUCSCU
CUrl-CSendEmail-CUrl-CNologon-,CUCSCUCN
CSendEmail-CUrl-CNologon-Blogon-,CSCUCNBl
CUrl-CNologon-Blogon-BUrl-,CUCNBlBU
CNologon-Blogon-BUrl-CUrl-,CNBlBUCU
Blogon-BUrl-CUrl-CSendEmail-,BlBUCUCS
BUrl-CUrl-CSendEmail-CSendEmail-,BUCUCSCS
CUrl-CSendEmail-CSendEmail-CUrl-,CUCSCSCU
CSendEmail-CSendEmail-CUrl-CSendEmail-,CSCSCUCS
CSendEmail-CUrl-CSendEmail-CUrl-,CSCUCSCU
CUrl-CSendEmail-CUrl-CNologon-,CUCSCUCN
CSendEmail-CUrl-CNologon-Blogon-,CSCUCNBl
CUrl-CNologon-Blogon-BUrl-,CUCNBlBU
CNologon-Blogon-BUrl-BSendEmail-,CNBlBUBS
Blogon-BUrl-BSendEmail-BUrl-,BlBUBSBU
BUrl-BSendEmail-BUrl-CUrl-,BUBSBUCU
BSendEmail-BUrl-CUrl-CSendEmail-,BSBUCUCS
BUrl-CUrl-CSendEmail-CSendEmail-,BUCUCSCS
CUrl-CSendEmail-CSendEmail-CUrl-,CUCSCSCU
CSendEmail-CSendEmail-CUrl-CNologon-,CSCSCUCN
CSendEmail-CUrl-CNologon-Blogon-,CSCUCNBl
CUrl-CNologon-Blogon-BUrl-,CUCNBlBU
CNologon-Blogon-BUrl-BSendEmail-,CNBlBUBS
Blogon-BUrl-BSendEmail-BUrl-,BlBUBSBU
BUrl-BSendEmail-BUrl-CSendEmail-,BUBSBUCS
BSendEmail-BUrl-CSendEmail-CUrl-,BSBUCSCU
BUrl-CSendEmail-CUrl-CSendEmail-,BUCSCUCS
CSendEmail-CUrl-CSendEmail-CUrl-,CSCUCSCU
CUrl-CSendEmail-CUrl-CNologon-,CUCSCUCN
CSendEmail-CUrl-CNologon-Blogon-,CSCUCNBl
CUrl-CNologon-Blogon-BUrl-,CUCNBlBU
CNologon-Blogon-BUrl-CUrl-,CNBlBUCU
Blogon-BUrl-CUrl-CSendEmail-,BlBUCUCS
BUrl-CUrl-CSendEmail-CUrl-,BUCUCSCU
CUrl-CSendEmail-CUrl-CSendEmail-,CUCSCUCS
CSendEmail-CUrl-CSendEmail-CUrl-,CSCUCSCU
CUrl-CSendEmail-CUrl-CSendEmail-,CUCSCUCS
CSendEmail-CUrl-CSendEmail-CUrl-,CSCUCSCU
CUrl-CSendEmail-CUrl-CNologon-,CUCSCUCN
CSendEmail-CUrl-CNologon-Blogon-,CSCUCNBl
CUrl-CNologon-Blogon-BUrl-,CUCNBlBU
CNologon-Blogon-BUrl-BSendEmail-,CNBlBUBS
Blogon-BUrl-BSendEmail-BUrl-,BlBUBSBU
BUrl-BSendEmail-BUrl-CUrl-,BUBSBUCU
BSendEmail-BUrl-CUrl-CSendEmail-,BSBUCUCS
BUrl-CUrl-CSendEmail-CUrl-,BUCUCSCU
CUrl-CSendEmail-CUrl-CSendEmail-,CUCSCUCS
CSendEmail-CUrl-CSendEmail-CUrl-,CSCUCSCU
CUrl-CSendEmail-CUrl-CNologon-,CUCSCUCN
CSendEmail-CUrl-CNologon-Blogon-,CSCUCNBl
CUrl-CNologon-Blogon-BUrl-,CUCNBlBU
CNologon-Blogon-BUrl-CUrl-,CNBlBUCU
Blogon-BUrl-CUrl-CSendEmail-,BlBUCUCS
BUrl-CUrl-CSendEmail-CUrl-,BUCUCSCU
CUrl-CSendEmail-CUrl-CSendEmail-,CUCSCUCS
CSendEmail-CUrl-CSendEmail-CUrl-,CSCUCSCU
CUrl-CSendEmail-CUrl-CSendEmail-,CUCSCUCS
CSendEmail-CUrl-CSendEmail-CUrl-,CSCUCSCU
CUrl-CSendEmail-CUrl-CNologon-,CUCSCUCN
CSendEmail-CUrl-CNologon-Blogon-,CSCUCNBl
CUrl-CNologon-Blogon-BUrl-,CUCNBlBU
CNologon-Blogon-BUrl-CUrl-,CNBlBUCU
Blogon-BUrl-CUrl-CSendEmail-,BlBUCUCS
BUrl-CUrl-CSendEmail-CUrl-,BUCUCSCU
CUrl-CSendEmail-CUrl-CSendEmail-,CUCSCUCS
CSendEmail-CUrl-CSendEmail-CSendEmail-,CSCUCSCS
CUrl-CSendEmail-CSendEmail-CUrl-,CUCSCSCU
CSendEmail-CSendEmail-CUrl-CNologon-,CSCSCUCN
CSendEmail-CUrl-CNologon-Blogon-,CSCUCNBl
CUrl-CNologon-Blogon-BUrl-,CUCNBlBU
CNologon-Blogon-BUrl-BSendEmail-,CNBlBUBS
Blogon-BUrl-BSendEmail-BSendEmail-,BlBUBSBS
BUrl-BSendEmail-BSendEmail-BSendEmail-,BUBSBSBS
BSendEmail-BSendEmail-BSendEmail-BUrl-,BSBSBSBU
BSendEmail-BSendEmail-BUrl-CUrl-,BSBSBUCU
BSendEmail-BUrl-CUrl-CNologon-,BSBUCUCN
BUrl-CUrl-CNologon-Blogon-,BUCUCNBl
CUrl-CNologon-Blogon-BUrl-,CUCNBlBU
CNologon-Blogon-BUrl-BSendEmail-,CNBlBUBS
Blogon-BUrl-BSendEmail-BUrl-,BlBUBSBU
BUrl-BSendEmail-BUrl-BSendEmail-,BUBSBUBS
BSendEmail-BUrl-BSendEmail-BUrl-,BSBUBSBU
BUrl-BSendEmail-BUrl-CUrl-,BUBSBUCU
BSendEmail-BUrl-CUrl-CSendEmail-,BSBUCUCS
BUrl-CUrl-CSendEmail-CNologon-,BUCUCSCN
CUrl-CSendEmail-CNologon-Blogon-,CUCSCNBl
CSendEmail-CNologon-Blogon-BUrl-,CSCNBlBU
CNologon-Blogon-BUrl-CUrl-,CNBlBUCU
Blogon-BUrl-CUrl-CSendEmail-,BlBUCUCS
BUrl-CUrl-CSendEmail-CUrl-,BUCUCSCU
CUrl-CSendEmail-CUrl-CSendEmail-,CUCSCUCS
CSendEmail-CUrl-CSendEmail-CSendEmail-,CSCUCSCS
CUrl-CSendEmail-CSendEmail-CUrl-,CUCSCSCU
CSendEmail-CSendEmail-CUrl-CNologon-,CSCSCUCN
CSendEmail-CUrl-CNologon-Blogon-,CSCUCNBl
CUrl-CNologon-Blogon-BUrl-,CUCNBlBU
CNologon-Blogon-BUrl-BSendEmail-,CNBlBUBS
Blogon-BUrl-BSendEmail-BUrl-,BlBUBSBU
BUrl-BSendEmail-BUrl-CUrl-,BUBSBUCU
BSendEmail-BUrl-CUrl-CSendEmail-,BSBUCUCS
BUrl-CUrl-CSendEmail-CUrl-,BUCUCSCU
CUrl-CSendEmail-CUrl-CSendEmail-,CUCSCUCS
CSendEmail-CUrl-CSendEmail-CUrl-,CSCUCSCU
CUrl-CSendEmail-CUrl-CNologon-,CUCSCUCN
CSendEmail-CUrl-CNologon-Blogon-,CSCUCNBl
CUrl-CNologon-Blogon-BUrl-,CUCNBlBU
CNologon-Blogon-BUrl-BSendEmail-,CNBlBUBS
Blogon-BUrl-BSendEmail-BUrl-,BlBUBSBU
BUrl-BSendEmail-BUrl-BSendEmail-,BUBSBUBS
BSendEmail-BUrl-BSendEmail-BUrl-,BSBUBSBU
BUrl-BSendEmail-BUrl-BSendEmail-,BUBSBUBS
BSendEmail-BUrl-BSendEmail-BUrl-,BSBUBSBU
BUrl-BSendEmail-BUrl-CUrl-,BUBSBUCU
BSendEmail-BUrl-CUrl-CNologon-,BSBUCUCN
BUrl-CUrl-CNologon-Blogon-,BUCUCNBl
CUrl-CNologon-Blogon-BUrl-,CUCNBlBU
CNologon-Blogon-BUrl-BSendEmail-,CNBlBUBS
Blogon-BUrl-BSendEmail-BSendEmail-,BlBUBSBS
BUrl-BSendEmail-BSendEmail-BUrl-,BUBSBSBU
BSendEmail-BSendEmail-BUrl-CUrl-,BSBSBUCU
BSendEmail-BUrl-CUrl-CNologon-,BSBUCUCN
BUrl-CUrl-CNologon-Blogon-,BUCUCNBl
CUrl-CNologon-Blogon-BUrl-,CUCNBlBU
CNologon-Blogon-BUrl-BSendEmail-,CNBlBUBS
Blogon-BUrl-BSendEmail-BUrl-,BlBUBSBU
BUrl-BSendEmail-BUrl-BSendEmail-,BUBSBUBS
BSendEmail-BUrl-BSendEmail-BSendEmail-,BSBUBSBS
BUrl-BSendEmail-BSendEmail-BUrl-,BUBSBSBU
BSendEmail-BSendEmail-BUrl-CUrl-,BSBSBUCU
BSendEmail-BUrl-CUrl-CNologon-,BSBUCUCN
BUrl-CUrl-CNologon-Blogon-,BUCUCNBl
CUrl-CNologon-Blogon-BUrl-,CUCNBlBU
CNologon-Blogon-BUrl-BSendEmail-,CNBlBUBS
Blogon-BUrl-BSendEmail-BUrl-,BlBUBSBU
BUrl-BSendEmail-BUrl-CUrl-,BUBSBUCU
BSendEmail-BUrl-CUrl-CSendEmail-,BSBUCUCS
BUrl-CUrl-CSendEmail-CUrl-,BUCUCSCU
CUrl-CSendEmail-CUrl-CSendEmail-,CUCSCUCS
CSendEmail-CUrl-CSendEmail-CNologon-,CSCUCSCN
CUrl-CSendEmail-CNologon-Blogon-,CUCSCNBl
CSendEmail-CNologon-Blogon-BUrl-,CSCNBlBU
CNologon-Blogon-BUrl-BSendEmail-,CNBlBUBS
Blogon-BUrl-BSendEmail-BUrl-,BlBUBSBU
BUrl-BSendEmail-BUrl-BSendEmail-,BUBSBUBS
BSendEmail-BUrl-BSendEmail-BSendEmail-,BSBUBSBS
BUrl-BSendEmail-BSendEmail-BUrl-,BUBSBSBU
BSendEmail-BSendEmail-BUrl-CUrl-,BSBSBUCU
BSendEmail-BUrl-CUrl-CNologon-,BSBUCUCN
BUrl-CUrl-CNologon-Blogon-,BUCUCNBl
CUrl-CNologon-Blogon-BSendEmail-,CUCNBlBS
CNologon-Blogon-BSendEmail-BUrl-,CNBlBSBU
Blogon-BSendEmail-BUrl-BSendEmail-,BlBSBUBS
BSendEmail-BUrl-BSendEmail-BUrl-,BSBUBSBU
BUrl-BSendEmail-BUrl-CSendEmail-,BUBSBUCS
BSendEmail-BUrl-CSendEmail-CUrl-,BSBUCSCU
BUrl-CSendEmail-CUrl-CNologon-,BUCSCUCN
CSendEmail-CUrl-CNologon-Blogon-,CSCUCNBl
CUrl-CNologon-Blogon-BUrl-,CUCNBlBU
CNologon-Blogon-BUrl-CUrl-,CNBlBUCU
Blogon-BUrl-CUrl-CSendEmail-,BlBUCUCS
BUrl-CUrl-CSendEmail-CSendEmail-,BUCUCSCS
CUrl-CSendEmail-CSendEmail-CSendEmail-,CUCSCSCS
CSendEmail-CSendEmail-CSendEmail-CUrl-,CSCSCSCU
CSendEmail-CSendEmail-CUrl-CNologon-,CSCSCUCN
CSendEmail-CUrl-CNologon-Blogon-,CSCUCNBl
CUrl-CNologon-Blogon-BSendEmail-,CUCNBlBS
CNologon-Blogon-BSendEmail-BUrl-,CNBlBSBU
Blogon-BSendEmail-BUrl-CUrl-,BlBSBUCU
BSendEmail-BUrl-CUrl-CSendEmail-,BSBUCUCS
BUrl-CUrl-CSendEmail-CSendEmail-,BUCUCSCS
CUrl-CSendEmail-CSendEmail-CUrl-,CUCSCSCU
CSendEmail-CSendEmail-CUrl-CNologon-,CSCSCUCN
CSendEmail-CUrl-CNologon-Blogon-,CSCUCNBl
CUrl-CNologon-Blogon-BUrl-,CUCNBlBU
CNologon-Blogon-BUrl-BSendEmail-,CNBlBUBS
Blogon-BUrl-BSendEmail-BUrl-,BlBUBSBU
BUrl-BSendEmail-BUrl-CSendEmail-,BUBSBUCS
BSendEmail-BUrl-CSendEmail-CUrl-,BSBUCSCU
BUrl-CSendEmail-CUrl-CSendEmail-,BUCSCUCS
CSendEmail-CUrl-CSendEmail-CUrl-,CSCUCSCU
CUrl-CSendEmail-CUrl-CNologon-,CUCSCUCN
CSendEmail-CUrl-CNologon-Blogon-,CSCUCNBl
CUrl-CNologon-Blogon-BUrl-,CUCNBlBU
CNologon-Blogon-BUrl-BSendEmail-,CNBlBUBS
Blogon-BUrl-BSendEmail-BUrl-,BlBUBSBU
BUrl-BSendEmail-BUrl-BSendEmail-,BUBSBUBS
BSendEmail-BUrl-BSendEmail-BSendEmail-,BSBUBSBS
BUrl-BSendEmail-BSendEmail-BUrl-,BUBSBSBU
BSendEmail-BSendEmail-BUrl-CUrl-,BSBSBUCU
BSendEmail-BUrl-CUrl-CNologon-,BSBUCUCN
BUrl-CUrl-CNologon-Blogon-,BUCUCNBl
CUrl-CNologon-Blogon-BUrl-,CUCNBlBU
CNologon-Blogon-BUrl-BSendEmail-,CNBlBUBS
Blogon-BUrl-BSendEmail-BUrl-,BlBUBSBU
BUrl-BSendEmail-BUrl-BSendEmail-,BUBSBUBS
BSendEmail-BUrl-BSendEmail-BUrl-,BSBUBSBU
BUrl-BSendEmail-BUrl-CSendEmail-,BUBSBUCS
BSendEmail-BUrl-CSendEmail-CUrl-,BSBUCSCU
BUrl-CSendEmail-CUrl-CNologon-,BUCSCUCN
CSendEmail-CUrl-CNologon-Blogon-,CSCUCNBl
CUrl-CNologon-Blogon-BUrl-,CUCNBlBU
CNologon-Blogon-BUrl-CUrl-,CNBlBUCU
Blogon-BUrl-CUrl-CSendEmail-,BlBUCUCS
BUrl-CUrl-CSendEmail-CUrl-,BUCUCSCU
CUrl-CSendEmail-CUrl-CSendEmail-,CUCSCUCS
CSendEmail-CUrl-CSendEmail-CUrl-,CSCUCSCU
CUrl-CSendEmail-CUrl-CSendEmail-,CUCSCUCS
CSendEmail-CUrl-CSendEmail-CNologon-,CSCUCSCN
CUrl-CSendEmail-CNologon-Blogon-,CUCSCNBl
CSendEmail-CNologon-Blogon-BUrl-,CSCNBlBU
CNologon-Blogon-BUrl-BSendEmail-,CNBlBUBS
Blogon-BUrl-BSendEmail-BUrl-,BlBUBSBU
BUrl-BSendEmail-BUrl-BSendEmail-,BUBSBUBS
BSendEmail-BUrl-BSendEmail-BUrl-,BSBUBSBU
BUrl-BSendEmail-BUrl-BSendEmail-,BUBSBUBS
BSendEmail-BUrl-BSendEmail-CUrl-,BSBUBSCU
BUrl-BSendEmail-CUrl-CNologon-,BUBSCUCN
BSendEmail-CUrl-CNologon-Blogon-,BSCUCNBl
CUrl-CNologon-Blogon-BUrl-,CUCNBlBU
CNologon-Blogon-BUrl-CSendEmail-,CNBlBUCS
Blogon-BUrl-CSendEmail-CUrl-,BlBUCSCU
BUrl-CSendEmail-CUrl-CSendEmail-,BUCSCUCS
CSendEmail-CUrl-CSendEmail-CUrl-,CSCUCSCU
CUrl-CSendEmail-CUrl-CSendEmail-,CUCSCUCS
CSendEmail-CUrl-CSendEmail-CUrl-,CSCUCSCU
CUrl-CSendEmail-CUrl-CNologon-,CUCSCUCN
CSendEmail-CUrl-CNologon-Blogon-,CSCUCNBl
CUrl-CNologon-Blogon-BUrl-,CUCNBlBU
CNologon-Blogon-BUrl-BSendEmail-,CNBlBUBS
Blogon-BUrl-BSendEmail-BUrl-,BlBUBSBU
BUrl-BSendEmail-BUrl-BSendEmail-,BUBSBUBS
BSendEmail-BUrl-BSendEmail-BUrl-,BSBUBSBU
BUrl-BSendEmail-BUrl-CUrl-,BUBSBUCU
BSendEmail-BUrl-CUrl-CNologon-,BSBUCUCN
BUrl-CUrl-CNologon-Blogon-,BUCUCNBl
CUrl-CNologon-Blogon-BUrl-,CUCNBlBU
CNologon-Blogon-BUrl-BSendEmail-,CNBlBUBS
Blogon-BUrl-BSendEmail-BUrl-,BlBUBSBU
BUrl-BSendEmail-BUrl-CUrl-,BUBSBUCU
BSendEmail-BUrl-CUrl-CSendEmail-,BSBUCUCS
BUrl-CUrl-CSendEmail-CUrl-,BUCUCSCU
CUrl-CSendEmail-CUrl-CSendEmail-,CUCSCUCS
CSendEmail-CUrl-CSendEmail-CUrl-,CSCUCSCU
CUrl-CSendEmail-CUrl-CNologon-,CUCSCUCN
CSendEmail-CUrl-CNologon-Blogon-,CSCUCNBl
CUrl-CNologon-Blogon-BUrl-,CUCNBlBU
CNologon-Blogon-BUrl-CUrl-,CNBlBUCU
Blogon-BUrl-CUrl-CSendEmail-,BlBUCUCS
BUrl-CUrl-CSendEmail-CSendEmail-,BUCUCSCS
CUrl-CSendEmail-CSendEmail-CSendEmail-,CUCSCSCS
CSendEmail-CSendEmail-CSendEmail-CUrl-,CSCSCSCU
CSendEmail-CSendEmail-CUrl-CNologon-,CSCSCUCN
CSendEmail-CUrl-CNologon-Blogon-,CSCUCNBl
CUrl-CNologon-Blogon-BUrl-,CUCNBlBU
CNologon-Blogon-BUrl-CSendEmail-,CNBlBUCS
Blogon-BUrl-CSendEmail-CSendEmail-,BlBUCSCS
BUrl-CSendEmail-CSendEmail-CUrl-,BUCSCSCU
CSendEmail-CSendEmail-CUrl-CSendEmail-,CSCSCUCS
CSendEmail-CUrl-CSendEmail-CNologon-,CSCUCSCN
CUrl-CSendEmail-CNologon-Blogon-,CUCSCNBl
CSendEmail-CNologon-Blogon-BUrl-,CSCNBlBU
CNologon-Blogon-BUrl-BSendEmail-,CNBlBUBS
Blogon-BUrl-BSendEmail-BUrl-,BlBUBSBU
BUrl-BSendEmail-BUrl-BSendEmail-,BUBSBUBS
BSendEmail-BUrl-BSendEmail-BUrl-,BSBUBSBU
BUrl-BSendEmail-BUrl-BSendEmail-,BUBSBUBS
BSendEmail-BUrl-BSendEmail-BUrl-,BSBUBSBU
BUrl-BSendEmail-BUrl-CUrl-,BUBSBUCU
BSendEmail-BUrl-CUrl-CNologon-,BSBUCUCN
BUrl-CUrl-CNologon-Blogon-,BUCUCNBl
CUrl-CNologon-Blogon-BUrl-,CUCNBlBU
CNologon-Blogon-BUrl-CUrl-,CNBlBUCU
Blogon-BUrl-CUrl-CSendEmail-,BlBUCUCS
BUrl-CUrl-CSendEmail-CSendEmail-,BUCUCSCS
CUrl-CSendEmail-CSendEmail-CUrl-,CUCSCSCU
CSendEmail-CSendEmail-CUrl-CSendEmail-,CSCSCUCS
CSendEmail-CUrl-CSendEmail-CUrl-,CSCUCSCU
CUrl-CSendEmail-CUrl-CNologon-,CUCSCUCN
CSendEmail-CUrl-CNologon-Blogon-,CSCUCNBl
CUrl-CNologon-Blogon-BUrl-,CUCNBlBU
CNologon-Blogon-BUrl-CUrl-,CNBlBUCU
Blogon-BUrl-CUrl-CSendEmail-,BlBUCUCS
BUrl-CUrl-CSendEmail-CUrl-,BUCUCSCU
CUrl-CSendEmail-CUrl-CSendEmail-,CUCSCUCS
CSendEmail-CUrl-CSendEmail-CUrl-,CSCUCSCU
CUrl-CSendEmail-CUrl-CSendEmail-,CUCSCUCS
CSendEmail-CUrl-CSendEmail-CNologon-,CSCUCSCN
CUrl-CSendEmail-CNologon-Blogon-,CUCSCNBl
CSendEmail-CNologon-Blogon-BUrl-,CSCNBlBU
CNologon-Blogon-BUrl-BSendEmail-,CNBlBUBS
Blogon-BUrl-BSendEmail-BUrl-,BlBUBSBU
BUrl-BSendEmail-BUrl-CUrl-,BUBSBUCU
BSendEmail-BUrl-CUrl-CSendEmail-,BSBUCUCS
BUrl-CUrl-CSendEmail-CUrl-,BUCUCSCU
CUrl-CSendEmail-CUrl-CSendEmail-,CUCSCUCS
CSendEmail-CUrl-CSendEmail-CUrl-,CSCUCSCU
CUrl-CSendEmail-CUrl-CNologon-,CUCSCUCN
CSendEmail-CUrl-CNologon-Blogon-,CSCUCNBl
CUrl-CNologon-Blogon-BUrl-,CUCNBlBU
CNologon-Blogon-BUrl-BSendEmail-,CNBlBUBS
Blogon-BUrl-BSendEmail-BSendEmail-,BlBUBSBS
BUrl-BSendEmail-BSendEmail-BUrl-,BUBSBSBU
BSendEmail-BSendEmail-BUrl-CUrl-,BSBSBUCU
BSendEmail-BUrl-CUrl-CSendEmail-,BSBUCUCS
BUrl-CUrl-CSendEmail-CUrl-,BUCUCSCU
CUrl-CSendEmail-CUrl-CNologon-,CUCSCUCN
CSendEmail-CUrl-CNologon-Blogon-,CSCUCNBl
CUrl-CNologon-Blogon-BUrl-,CUCNBlBU
CNologon-Blogon-BUrl-CUrl-,CNBlBUCU
Blogon-BUrl-CUrl-CSendEmail-,BlBUCUCS
BUrl-CUrl-CSendEmail-CSendEmail-,BUCUCSCS
CUrl-CSendEmail-CSendEmail-CUrl-,CUCSCSCU
CSendEmail-CSendEmail-CUrl-CSendEmail-,CSCSCUCS
CSendEmail-CUrl-CSendEmail-CUrl-,CSCUCSCU
CUrl-CSendEmail-CUrl-CNologon-,CUCSCUCN
CSendEmail-CUrl-CNologon-Blogon-,CSCUCNBl
CUrl-CNologon-Blogon-BUrl-,CUCNBlBU
CNologon-Blogon-BUrl-CUrl-,CNBlBUCU
Blogon-BUrl-CUrl-CSendEmail-,BlBUCUCS
BUrl-CUrl-CSendEmail-CUrl-,BUCUCSCU
CUrl-CSendEmail-CUrl-CNologon-,CUCSCUCN
CSendEmail-CUrl-CNologon-Blogon-,CSCUCNBl
CUrl-CNologon-Blogon-BUrl-,CUCNBlBU
CNologon-Blogon-BUrl-CUrl-,CNBlBUCU
Blogon-BUrl-CUrl-CSendEmail-,BlBUCUCS
BUrl-CUrl-CSendEmail-CSendEmail-,BUCUCSCS
CUrl-CSendEmail-CSendEmail-CSendEmail-,CUCSCSCS
CSendEmail-CSendEmail-CSendEmail-CUrl-,CSCSCSCU
CSendEmail-CSendEmail-CUrl-CNologon-,CSCSCUCN
CSendEmail-CUrl-CNologon-Blogon-,CSCUCNBl
CUrl-CNologon-Blogon-BUrl-,CUCNBlBU
CNologon-Blogon-BUrl-BSendEmail-,CNBlBUBS
Blogon-BUrl-BSendEmail-BUrl-,BlBUBSBU
BUrl-BSendEmail-BUrl-CUrl-,BUBSBUCU
BSendEmail-BUrl-CUrl-CSendEmail-,BSBUCUCS
BUrl-CUrl-CSendEmail-CSendEmail-,BUCUCSCS
CUrl-CSendEmail-CSendEmail-CUrl-,CUCSCSCU
CSendEmail-CSendEmail-CUrl-CNologon-,CSCSCUCN
CSendEmail-CUrl-CNologon-Blogon-,CSCUCNBl
CUrl-CNologon-Blogon-BUrl-,CUCNBlBU
CNologon-Blogon-BUrl-CUrl-,CNBlBUCU
Blogon-BUrl-CUrl-CSendEmail-,BlBUCUCS
BUrl-CUrl-CSendEmail-CUrl-,BUCUCSCU
CUrl-CSendEmail-CUrl-CSendEmail-,CUCSCUCS
CSendEmail-CUrl-CSendEmail-CUrl-,CSCUCSCU
CUrl-CSendEmail-CUrl-CSendEmail-,CUCSCUCS
CSendEmail-CUrl-CSendEmail-CNologon-,CSCUCSCN
CUrl-CSendEmail-CNologon-Blogon-,CUCSCNBl
CSendEmail-CNologon-Blogon-BUrl-,CSCNBlBU
CNologon-Blogon-BUrl-BSendEmail-,CNBlBUBS
Blogon-BUrl-BSendEmail-BUrl-,BlBUBSBU
BUrl-BSendEmail-BUrl-CUrl-,BUBSBUCU
BSendEmail-BUrl-CUrl-CSendEmail-,BSBUCUCS
BUrl-CUrl-CSendEmail-CSendEmail-,BUCUCSCS
CUrl-CSendEmail-CSendEmail-CUrl-,CUCSCSCU
CSendEmail-CSendEmail-CUrl-CNologon-,CSCSCUCN
CSendEmail-CUrl-CNologon-Blogon-,CSCUCNBl
CUrl-CNologon-Blogon-BUrl-,CUCNBlBU
CNologon-Blogon-BUrl-CUrl-,CNBlBUCU
Blogon-BUrl-CUrl-CSendEmail-,BlBUCUCS
BUrl-CUrl-CSendEmail-CSendEmail-,BUCUCSCS
CUrl-CSendEmail-CSendEmail-CUrl-,CUCSCSCU
CSendEmail-CSendEmail-CUrl-CSendEmail-,CSCSCUCS
CSendEmail-CUrl-CSendEmail-CUrl-,CSCUCSCU
CUrl-CSendEmail-CUrl-CNologon-,CUCSCUCN
CSendEmail-CUrl-CNologon-Blogon-,CSCUCNBl
CUrl-CNologon-Blogon-BUrl-,CUCNBlBU
CNologon-Blogon-BUrl-BSendEmail-,CNBlBUBS
Blogon-BUrl-BSendEmail-BUrl-,BlBUBSBU
BUrl-BSendEmail-BUrl-CUrl-,BUBSBUCU
BSendEmail-BUrl-CUrl-CSendEmail-,BSBUCUCS
BUrl-CUrl-CSendEmail-CSendEmail-,BUCUCSCS
CUrl-CSendEmail-CSendEmail-CUrl-,CUCSCSCU
CSendEmail-CSendEmail-CUrl-CNologon-,CSCSCUCN
CSendEmail-CUrl-CNologon-Blogon-,CSCUCNBl
CUrl-CNologon-Blogon-BUrl-,CUCNBlBU
CNologon-Blogon-BUrl-CSendEmail-,CNBlBUCS
Blogon-BUrl-CSendEmail-CUrl-,BlBUCSCU
BUrl-CSendEmail-CUrl-CSendEmail-,BUCSCUCS
CSendEmail-CUrl-CSendEmail-CUrl-,CSCUCSCU
CUrl-CSendEmail-CUrl-CSendEmail-,CUCSCUCS
CSendEmail-CUrl-CSendEmail-CUrl-,CSCUCSCU
CUrl-CSendEmail-CUrl-CNologon-,CUCSCUCN
CSendEmail-CUrl-CNologon-Blogon-,CSCUCNBl
CUrl-CNologon-Blogon-BUrl-,CUCNBlBU
CNologon-Blogon-BUrl-CUrl-,CNBlBUCU
Blogon-BUrl-CUrl-CSendEmail-,BlBUCUCS
BUrl-CUrl-CSendEmail-CSendEmail-,BUCUCSCS
CUrl-CSendEmail-CSendEmail-CUrl-,CUCSCSCU
CSendEmail-CSendEmail-CUrl-CSendEmail-,CSCSCUCS
CSendEmail-CUrl-CSendEmail-CNologon-,CSCUCSCN
CUrl-CSendEmail-CNologon-Blogon-,CUCSCNBl
CSendEmail-CNologon-Blogon-BUrl-,CSCNBlBU
CNologon-Blogon-BUrl-BSendEmail-,CNBlBUBS
Blogon-BUrl-BSendEmail-BUrl-,BlBUBSBU
BUrl-BSendEmail-BUrl-BSendEmail-,BUBSBUBS
BSendEmail-BUrl-BSendEmail-BSendEmail-,BSBUBSBS
BUrl-BSendEmail-BSendEmail-BUrl-,BUBSBSBU
BSendEmail-BSendEmail-BUrl-CUrl-,BSBSBUCU
BSendEmail-BUrl-CUrl-CNologon-,BSBUCUCN
BUrl-CUrl-CNologon-Blogon-,BUCUCNBl
CUrl-CNologon-Blogon-BUrl-,CUCNBlBU
CNologon-Blogon-BUrl-CUrl-,CNBlBUCU
Blogon-BUrl-CUrl-CSendEmail-,BlBUCUCS
BUrl-CUrl-CSendEmail-CUrl-,BUCUCSCU
CUrl-CSendEmail-CUrl-CSendEmail-,CUCSCUCS
CSendEmail-CUrl-CSendEmail-CUrl-,CSCUCSCU
CUrl-CSendEmail-CUrl-CNologon-,CUCSCUCN
CSendEmail-CUrl-CNologon-Blogon-,CSCUCNBl
CUrl-CNologon-Blogon-BUrl-,CUCNBlBU
CNologon-Blogon-BUrl-CUrl-,CNBlBUCU
Blogon-BUrl-CUrl-CSendEmail-,BlBUCUCS
BUrl-CUrl-CSendEmail-CSendEmail-,BUCUCSCS
CUrl-CSendEmail-CSendEmail-CUrl-,CUCSCSCU
CSendEmail-CSendEmail-CUrl-CSendEmail-,CSCSCUCS
CSendEmail-CUrl-CSendEmail-CUrl-,CSCUCSCU
CUrl-CSendEmail-CUrl-CNologon-,CUCSCUCN
CSendEmail-CUrl-CNologon-Blogon-,CSCUCNBl
CUrl-CNologon-Blogon-BUrl-,CUCNBlBU
CNologon-Blogon-BUrl-BSendEmail-,CNBlBUBS
Blogon-BUrl-BSendEmail-BSendEmail-,BlBUBSBS
BUrl-BSendEmail-BSendEmail-BSendEmail-,BUBSBSBS
BSendEmail-BSendEmail-BSendEmail-BUrl-,BSBSBSBU
BSendEmail-BSendEmail-BUrl-CUrl-,BSBSBUCU
BSendEmail-BUrl-CUrl-CNologon-,BSBUCUCN
BUrl-CUrl-CNologon-Blogon-,BUCUCNBl
CUrl-CNologon-Blogon-BUrl-,CUCNBlBU
CNologon-Blogon-BUrl-CUrl-,CNBlBUCU
Blogon-BUrl-CUrl-CSendEmail-,BlBUCUCS
BUrl-CUrl-CSendEmail-CSendEmail-,BUCUCSCS
CUrl-CSendEmail-CSendEmail-CSendEmail-,CUCSCSCS
CSendEmail-CSendEmail-CSendEmail-CUrl-,CSCSCSCU
CSendEmail-CSendEmail-CUrl-CNologon-,CSCSCUCN
CSendEmail-CUrl-CNologon-Blogon-,CSCUCNBl
CUrl-CNologon-Blogon-BUrl-,CUCNBlBU
CNologon-Blogon-BUrl-CUrl-,CNBlBUCU
Blogon-BUrl-CUrl-CSendEmail-,BlBUCUCS
BUrl-CUrl-CSendEmail-CSendEmail-,BUCUCSCS
CUrl-CSendEmail-CSendEmail-CUrl-,CUCSCSCU
CSendEmail-CSendEmail-CUrl-CSendEmail-,CSCSCUCS
CSendEmail-CUrl-CSendEmail-CUrl-,CSCUCSCU
CUrl-CSendEmail-CUrl-CNologon-,CUCSCUCN
CSendEmail-CUrl-CNologon-Blogon-,CSCUCNBl
CUrl-CNologon-Blogon-BUrl-,CUCNBlBU
CNologon-Blogon-BUrl-CUrl-,CNBlBUCU
Blogon-BUrl-CUrl-CSendEmail-,BlBUCUCS
BUrl-CUrl-CSendEmail-CUrl-,BUCUCSCU
CUrl-CSendEmail-CUrl-CSendEmail-,CUCSCUCS
CSendEmail-CUrl-CSendEmail-CUrl-,CSCUCSCU
CUrl-CSendEmail-CUrl-CSendEmail-,CUCSCUCS
CSendEmail-CUrl-CSendEmail-CUrl-,CSCUCSCU
CUrl-CSendEmail-CUrl-CNologon-,CUCSCUCN
CSendEmail-CUrl-CNologon-Blogon-,CSCUCNBl
CUrl-CNologon-Blogon-BSendEmail-,CUCNBlBS
CNologon-Blogon-BSendEmail-BUrl-,CNBlBSBU
Blogon-BSendEmail-BUrl-BSendEmail-,BlBSBUBS
BSendEmail-BUrl-BSendEmail-BSendEmail-,BSBUBSBS
BUrl-BSendEmail-BSendEmail-BUrl-,BUBSBSBU
BSendEmail-BSendEmail-BUrl-CUrl-,BSBSBUCU
BSendEmail-BUrl-CUrl-CNologon-,BSBUCUCN
BUrl-CUrl-CNologon-Blogon-,BUCUCNBl
CUrl-CNologon-Blogon-BUrl-,CUCNBlBU
CNologon-Blogon-BUrl-CUrl-,CNBlBUCU
Blogon-BUrl-CUrl-CSendEmail-,BlBUCUCS
BUrl-CUrl-CSendEmail-CUrl-,BUCUCSCU
CUrl-CSendEmail-CUrl-CSendEmail-,CUCSCUCS
CSendEmail-CUrl-CSendEmail-CUrl-,CSCUCSCU
CUrl-CSendEmail-CUrl-CSendEmail-,CUCSCUCS
CSendEmail-CUrl-CSendEmail-CUrl-,CSCUCSCU
CUrl-CSendEmail-CUrl-CNologon-,CUCSCUCN
CSendEmail-CUrl-CNologon-Blogon-,CSCUCNBl
CUrl-CNologon-Blogon-BUrl-,CUCNBlBU
CNologon-Blogon-BUrl-CUrl-,CNBlBUCU
Blogon-BUrl-CUrl-CSendEmail-,BlBUCUCS
BUrl-CUrl-CSendEmail-CSendEmail-,BUCUCSCS
CUrl-CSendEmail-CSendEmail-CUrl-,CUCSCSCU
CSendEmail-CSendEmail-CUrl-CSendEmail-,CSCSCUCS
CSendEmail-CUrl-CSendEmail-CUrl-,CSCUCSCU
CUrl-CSendEmail-CUrl-CNologon-,CUCSCUCN
CSendEmail-CUrl-CNologon-Blogon-,CSCUCNBl
CUrl-CNologon-Blogon-BUrl-,CUCNBlBU
CNologon-Blogon-BUrl-CUrl-,CNBlBUCU
Blogon-BUrl-CUrl-CSendEmail-,BlBUCUCS
BUrl-CUrl-CSendEmail-CSendEmail-,BUCUCSCS
CUrl-CSendEmail-CSendEmail-CSendEmail-,CUCSCSCS
CSendEmail-CSendEmail-CSendEmail-CUrl-,CSCSCSCU
CSendEmail-CSendEmail-CUrl-CNologon-,CSCSCUCN
CSendEmail-CUrl-CNologon-Blogon-,CSCUCNBl
CUrl-CNologon-Blogon-BUrl-,CUCNBlBU
CNologon-Blogon-BUrl-BSendEmail-,CNBlBUBS
Blogon-BUrl-BSendEmail-BUrl-,BlBUBSBU
BUrl-BSendEmail-BUrl-BSendEmail-,BUBSBUBS
BSendEmail-BUrl-BSendEmail-BSendEmail-,BSBUBSBS
BUrl-BSendEmail-BSendEmail-BUrl-,BUBSBSBU
BSendEmail-BSendEmail-BUrl-CUrl-,BSBSBUCU
BSendEmail-BUrl-CUrl-CNologon-,BSBUCUCN
BUrl-CUrl-CNologon-Blogon-,BUCUCNBl
CUrl-CNologon-Blogon-BUrl-,CUCNBlBU
CNologon-Blogon-BUrl-BSendEmail-,CNBlBUBS
Blogon-BUrl-BSendEmail-BSendEmail-,BlBUBSBS
BUrl-BSendEmail-BSendEmail-BUrl-,BUBSBSBU
BSendEmail-BSendEmail-BUrl-BSendEmail-,BSBSBUBS
BSendEmail-BUrl-BSendEmail-BUrl-,BSBUBSBU
BUrl-BSendEmail-BUrl-CUrl-,BUBSBUCU
BSendEmail-BUrl-CUrl-CNologon-,BSBUCUCN
BUrl-CUrl-CNologon-Blogon-,BUCUCNBl
CUrl-CNologon-Blogon-BUrl-,CUCNBlBU
CNologon-Blogon-BUrl-CUrl-,CNBlBUCU
Blogon-BUrl-CUrl-CSendEmail-,BlBUCUCS
BUrl-CUrl-CSendEmail-CSendEmail-,BUCUCSCS
CUrl-CSendEmail-CSendEmail-CUrl-,CUCSCSCU
CSendEmail-CSendEmail-CUrl-CSendEmail-,CSCSCUCS
CSendEmail-CUrl-CSendEmail-CUrl-,CSCUCSCU
CUrl-CSendEmail-CUrl-CNologon-,CUCSCUCN
CSendEmail-CUrl-CNologon-Blogon-,CSCUCNBl
CUrl-CNologon-Blogon-BUrl-,CUCNBlBU
CNologon-Blogon-BUrl-BSendEmail-,CNBlBUBS
Blogon-BUrl-BSendEmail-BUrl-,BlBUBSBU
BUrl-BSendEmail-BUrl-CUrl-,BUBSBUCU
BSendEmail-BUrl-CUrl-CSendEmail-,BSBUCUCS
BUrl-CUrl-CSendEmail-CSendEmail-,BUCUCSCS
CUrl-CSendEmail-CSendEmail-CUrl-,CUCSCSCU
CSendEmail-CSendEmail-CUrl-CNologon-,CSCSCUCN
CSendEmail-CUrl-CNologon-Blogon-,CSCUCNBl
CUrl-CNologon-Blogon-BUrl-,CUCNBlBU
CNologon-Blogon-BUrl-CUrl-,CNBlBUCU
Blogon-BUrl-CUrl-CSendEmail-,BlBUCUCS
BUrl-CUrl-CSendEmail-CSendEmail-,BUCUCSCS
CUrl-CSendEmail-CSendEmail-CSendEmail-,CUCSCSCS
CSendEmail-CSendEmail-CSendEmail-CUrl-,CSCSCSCU
CSendEmail-CSendEmail-CUrl-CNologon-,CSCSCUCN
CSendEmail-CUrl-CNologon-Blogon-,CSCUCNBl
CUrl-CNologon-Blogon-BUrl-,CUCNBlBU
CNologon-Blogon-BUrl-BSendEmail-,CNBlBUBS
Blogon-BUrl-BSendEmail-BSendEmail-,BlBUBSBS
BUrl-BSendEmail-BSendEmail-BUrl-,BUBSBSBU
BSendEmail-BSendEmail-BUrl-BSendEmail-,BSBSBUBS
BSendEmail-BUrl-BSendEmail-BUrl-,BSBUBSBU
BUrl-BSendEmail-BUrl-CUrl-,BUBSBUCU
BSendEmail-BUrl-CUrl-CNologon-,BSBUCUCN
BUrl-CUrl-CNologon-Blogon-,BUCUCNBl
CUrl-CNologon-Blogon-BSendEmail-,CUCNBlBS
CNologon-Blogon-BSendEmail-BSendEmail-,CNBlBSBS
Blogon-BSendEmail-BSendEmail-BUrl-,BlBSBSBU
BSendEmail-BSendEmail-BUrl-BSendEmail-,BSBSBUBS
BSendEmail-BUrl-BSendEmail-BUrl-,BSBUBSBU
BUrl-BSendEmail-BUrl-CUrl-,BUBSBUCU
BSendEmail-BUrl-CUrl-CNologon-,BSBUCUCN
BUrl-CUrl-CNologon-Blogon-,BUCUCNBl
CUrl-CNologon-Blogon-BUrl-,CUCNBlBU
CNologon-Blogon-BUrl-CUrl-,CNBlBUCU
Blogon-BUrl-CUrl-CSendEmail-,BlBUCUCS
BUrl-CUrl-CSendEmail-CSendEmail-,BUCUCSCS
CUrl-CSendEmail-CSendEmail-CUrl-,CUCSCSCU
CSendEmail-CSendEmail-CUrl-CSendEmail-,CSCSCUCS
CSendEmail-CUrl-CSendEmail-CNologon-,CSCUCSCN
CUrl-CSendEmail-CNologon-Blogon-,CUCSCNBl
CSendEmail-CNologon-Blogon-BUrl-,CSCNBlBU
CNologon-Blogon-BUrl-BSendEmail-,CNBlBUBS
Blogon-BUrl-BSendEmail-BSendEmail-,BlBUBSBS
BUrl-BSendEmail-BSendEmail-BUrl-,BUBSBSBU
BSendEmail-BSendEmail-BUrl-CUrl-,BSBSBUCU
BSendEmail-BUrl-CUrl-CSendEmail-,BSBUCUCS
BUrl-CUrl-CSendEmail-CUrl-,BUCUCSCU
CUrl-CSendEmail-CUrl-CNologon-,CUCSCUCN
CSendEmail-CUrl-CNologon-Blogon-,CSCUCNBl
CUrl-CNologon-Blogon-BUrl-,CUCNBlBU
CNologon-Blogon-BUrl-CUrl-,CNBlBUCU
Blogon-BUrl-CUrl-CNologon-,BlBUCUCN
BUrl-CUrl-CNologon-Blogon-,BUCUCNBl
CUrl-CNologon-Blogon-BUrl-,CUCNBlBU
CNologon-Blogon-BUrl-BSendEmail-,CNBlBUBS
Blogon-BUrl-BSendEmail-BSendEmail-,BlBUBSBS
BUrl-BSendEmail-BSendEmail-BUrl-,BUBSBSBU
BSendEmail-BSendEmail-BUrl-BSendEmail-,BSBSBUBS
BSendEmail-BUrl-BSendEmail-BUrl-,BSBUBSBU
BUrl-BSendEmail-BUrl-CUrl-,BUBSBUCU
BSendEmail-BUrl-CUrl-CNologon-,BSBUCUCN
BUrl-CUrl-CNologon-Blogon-,BUCUCNBl
CUrl-CNologon-Blogon-BUrl-,CUCNBlBU
CNologon-Blogon-BUrl-CUrl-,CNBlBUCU
Blogon-BUrl-CUrl-CSendEmail-,BlBUCUCS
BUrl-CUrl-CSendEmail-CUrl-,BUCUCSCU
CUrl-CSendEmail-CUrl-CSendEmail-,CUCSCUCS
CSendEmail-CUrl-CSendEmail-CSendEmail-,CSCUCSCS
CUrl-CSendEmail-CSendEmail-CNologon-,CUCSCSCN
CSendEmail-CSendEmail-CNologon-Blogon-,CSCSCNBl
CSendEmail-CNologon-Blogon-BSendEmail-,CSCNBlBS
CNologon-Blogon-BSendEmail-BSendEmail-,CNBlBSBS
Blogon-BSendEmail-BSendEmail-BUrl-,BlBSBSBU
BSendEmail-BSendEmail-BUrl-BSendEmail-,BSBSBUBS
BSendEmail-BUrl-BSendEmail-BUrl-,BSBUBSBU
BUrl-BSendEmail-BUrl-CUrl-,BUBSBUCU
BSendEmail-BUrl-CUrl-CNologon-,BSBUCUCN
BUrl-CUrl-CNologon-Blogon-,BUCUCNBl
CUrl-CNologon-Blogon-BUrl-,CUCNBlBU
CNologon-Blogon-BUrl-CUrl-,CNBlBUCU
Blogon-BUrl-CUrl-CSendEmail-,BlBUCUCS
BUrl-CUrl-CSendEmail-CSendEmail-,BUCUCSCS
CUrl-CSendEmail-CSendEmail-CUrl-,CUCSCSCU
CSendEmail-CSendEmail-CUrl-CSendEmail-,CSCSCUCS
CSendEmail-CUrl-CSendEmail-CNologon-,CSCUCSCN
CUrl-CSendEmail-CNologon-Blogon-,CUCSCNBl
CSendEmail-CNologon-Blogon-BUrl-,CSCNBlBU
CNologon-Blogon-BUrl-CUrl-,CNBlBUCU
Blogon-BUrl-CUrl-CSendEmail-,BlBUCUCS
BUrl-CUrl-CSendEmail-CSendEmail-,BUCUCSCS
CUrl-CSendEmail-CSendEmail-CSendEmail-,CUCSCSCS
CSendEmail-CSendEmail-CSendEmail-CUrl-,CSCSCSCU
CSendEmail-CSendEmail-CUrl-CNologon-,CSCSCUCN
CSendEmail-CUrl-CNologon-Blogon-,CSCUCNBl
CUrl-CNologon-Blogon-BUrl-,CUCNBlBU
CNologon-Blogon-BUrl-CUrl-,CNBlBUCU
Blogon-BUrl-CUrl-CSendEmail-,BlBUCUCS
BUrl-CUrl-CSendEmail-CUrl-,BUCUCSCU
CUrl-CSendEmail-CUrl-CSendEmail-,CUCSCUCS
CSendEmail-CUrl-CSendEmail-CUrl-,CSCUCSCU
CUrl-CSendEmail-CUrl-CSendEmail-,CUCSCUCS
CSendEmail-CUrl-CSendEmail-CUrl-,CSCUCSCU
CUrl-CSendEmail-CUrl-CNologon-,CUCSCUCN
CSendEmail-CUrl-CNologon-Blogon-,CSCUCNBl
CUrl-CNologon-Blogon-BUrl-,CUCNBlBU
CNologon-Blogon-BUrl-CUrl-,CNBlBUCU
Blogon-BUrl-CUrl-CSendEmail-,BlBUCUCS
BUrl-CUrl-CSendEmail-CSendEmail-,BUCUCSCS
CUrl-CSendEmail-CSendEmail-CSendEmail-,CUCSCSCS
CSendEmail-CSendEmail-CSendEmail-CUrl-,CSCSCSCU
CSendEmail-CSendEmail-CUrl-CNologon-,CSCSCUCN
CSendEmail-CUrl-CNologon-Blogon-,CSCUCNBl
CUrl-CNologon-Blogon-BSendEmail-,CUCNBlBS
CNologon-Blogon-BSendEmail-BUrl-,CNBlBSBU
Blogon-BSendEmail-BUrl-BSendEmail-,BlBSBUBS
BSendEmail-BUrl-BSendEmail-BSendEmail-,BSBUBSBS
BUrl-BSendEmail-BSendEmail-BUrl-,BUBSBSBU
BSendEmail-BSendEmail-BUrl-CUrl-,BSBSBUCU
BSendEmail-BUrl-CUrl-CNologon-,BSBUCUCN
BUrl-CUrl-CNologon-Blogon-,BUCUCNBl
CUrl-CNologon-Blogon-BUrl-,CUCNBlBU
CNologon-Blogon-BUrl-BSendEmail-,CNBlBUBS
Blogon-BUrl-BSendEmail-BUrl-,BlBUBSBU
BUrl-BSendEmail-BUrl-CUrl-,BUBSBUCU
BSendEmail-BUrl-CUrl-CSendEmail-,BSBUCUCS
BUrl-CUrl-CSendEmail-CUrl-,BUCUCSCU
CUrl-CSendEmail-CUrl-CSendEmail-,CUCSCUCS
CSendEmail-CUrl-CSendEmail-CNologon-,CSCUCSCN
CUrl-CSendEmail-CNologon-Blogon-,CUCSCNBl
CSendEmail-CNologon-Blogon-BUrl-,CSCNBlBU
CNologon-Blogon-BUrl-CUrl-,CNBlBUCU
Blogon-BUrl-CUrl-CSendEmail-,BlBUCUCS
BUrl-CUrl-CSendEmail-CSendEmail-,BUCUCSCS
CUrl-CSendEmail-CSendEmail-CSendEmail-,CUCSCSCS
CSendEmail-CSendEmail-CSendEmail-CNologon-,CSCSCSCN
CSendEmail-CSendEmail-CNologon-Blogon-,CSCSCNBl
CSendEmail-CNologon-Blogon-BUrl-,CSCNBlBU
CNologon-Blogon-BUrl-CSendEmail-,CNBlBUCS
Blogon-BUrl-CSendEmail-CSendEmail-,BlBUCSCS
BUrl-CSendEmail-CSendEmail-CUrl-,BUCSCSCU
CSendEmail-CSendEmail-CUrl-CSendEmail-,CSCSCUCS
CSendEmail-CUrl-CSendEmail-CUrl-,CSCUCSCU
CUrl-CSendEmail-CUrl-CNologon-,CUCSCUCN
CSendEmail-CUrl-CNologon-Blogon-,CSCUCNBl
CUrl-CNologon-Blogon-BUrl-,CUCNBlBU
CNologon-Blogon-BUrl-BSendEmail-,CNBlBUBS
Blogon-BUrl-BSendEmail-BUrl-,BlBUBSBU
BUrl-BSendEmail-BUrl-CUrl-,BUBSBUCU
BSendEmail-BUrl-CUrl-CSendEmail-,BSBUCUCS
BUrl-CUrl-CSendEmail-CSendEmail-,BUCUCSCS
CUrl-CSendEmail-CSendEmail-CUrl-,CUCSCSCU
CSendEmail-CSendEmail-CUrl-CNologon-,CSCSCUCN
CSendEmail-CUrl-CNologon-Blogon-,CSCUCNBl
CUrl-CNologon-Blogon-BUrl-,CUCNBlBU
CNologon-Blogon-BUrl-BSendEmail-,CNBlBUBS
Blogon-BUrl-BSendEmail-BSendEmail-,BlBUBSBS
BUrl-BSendEmail-BSendEmail-BUrl-,BUBSBSBU
BSendEmail-BSendEmail-BUrl-CUrl-,BSBSBUCU
BSendEmail-BUrl-CUrl-CSendEmail-,BSBUCUCS
BUrl-CUrl-CSendEmail-CUrl-,BUCUCSCU
CUrl-CSendEmail-CUrl-CNologon-,CUCSCUCN
CSendEmail-CUrl-CNologon-Blogon-,CSCUCNBl
CUrl-CNologon-Blogon-BUrl-,CUCNBlBU
CNologon-Blogon-BUrl-CUrl-,CNBlBUCU
Blogon-BUrl-CUrl-CSendEmail-,BlBUCUCS
BUrl-CUrl-CSendEmail-CUrl-,BUCUCSCU
CUrl-CSendEmail-CUrl-CSendEmail-,CUCSCUCS
CSendEmail-CUrl-CSendEmail-CSendEmail-,CSCUCSCS
CUrl-CSendEmail-CSendEmail-CUrl-,CUCSCSCU
CSendEmail-CSendEmail-CUrl-CNologon-,CSCSCUCN
CSendEmail-CUrl-CNologon-Blogon-,CSCUCNBl
CUrl-CNologon-Blogon-BUrl-,CUCNBlBU
CNologon-Blogon-BUrl-CUrl-,CNBlBUCU
Blogon-BUrl-CUrl-CSendEmail-,BlBUCUCS
BUrl-CUrl-CSendEmail-CSendEmail-,BUCUCSCS
CUrl-CSendEmail-CSendEmail-CSendEmail-,CUCSCSCS
CSendEmail-CSendEmail-CSendEmail-CUrl-,CSCSCSCU
CSendEmail-CSendEmail-CUrl-CNologon-,CSCSCUCN
CSendEmail-CUrl-CNologon-Blogon-,CSCUCNBl
CUrl-CNologon-Blogon-BUrl-,CUCNBlBU
CNologon-Blogon-BUrl-CUrl-,CNBlBUCU
Blogon-BUrl-CUrl-CSendEmail-,BlBUCUCS
BUrl-CUrl-CSendEmail-CUrl-,BUCUCSCU
CUrl-CSendEmail-CUrl-CSendEmail-,CUCSCUCS
CSendEmail-CUrl-CSendEmail-CUrl-,CSCUCSCU
CUrl-CSendEmail-CUrl-CSendEmail-,CUCSCUCS
CSendEmail-CUrl-CSendEmail-CUrl-,CSCUCSCU
CUrl-CSendEmail-CUrl-CNologon-,CUCSCUCN
CSendEmail-CUrl-CNologon-Blogon-,CSCUCNBl
CUrl-CNologon-Blogon-BUrl-,CUCNBlBU
CNologon-Blogon-BUrl-BSendEmail-,CNBlBUBS
Blogon-BUrl-BSendEmail-CUrl-,BlBUBSCU
BUrl-BSendEmail-CUrl-CSendEmail-,BUBSCUCS
BSendEmail-CUrl-CSendEmail-CUrl-,BSCUCSCU
CUrl-CSendEmail-CUrl-CSendEmail-,CUCSCUCS
CSendEmail-CUrl-CSendEmail-CUrl-,CSCUCSCU
CUrl-CSendEmail-CUrl-CNologon-,CUCSCUCN
CSendEmail-CUrl-CNologon-Blogon-,CSCUCNBl
CUrl-CNologon-Blogon-BUrl-,CUCNBlBU
CNologon-Blogon-BUrl-CUrl-,CNBlBUCU
Blogon-BUrl-CUrl-CSendEmail-,BlBUCUCS
BUrl-CUrl-CSendEmail-CUrl-,BUCUCSCU
CUrl-CSendEmail-CUrl-CSendEmail-,CUCSCUCS
CSendEmail-CUrl-CSendEmail-CUrl-,CSCUCSCU
CUrl-CSendEmail-CUrl-CSendEmail-,CUCSCUCS
CSendEmail-CUrl-CSendEmail-CUrl-,CSCUCSCU
CUrl-CSendEmail-CUrl-CNologon-,CUCSCUCN
CSendEmail-CUrl-CNologon-Blogon-,CSCUCNBl
CUrl-CNologon-Blogon-BUrl-,CUCNBlBU
CNologon-Blogon-BUrl-BSendEmail-,CNBlBUBS
Blogon-BUrl-BSendEmail-BUrl-,BlBUBSBU
BUrl-BSendEmail-BUrl-CUrl-,BUBSBUCU
BSendEmail-BUrl-CUrl-CSendEmail-,BSBUCUCS
BUrl-CUrl-CSendEmail-CSendEmail-,BUCUCSCS
CUrl-CSendEmail-CSendEmail-CUrl-,CUCSCSCU
CSendEmail-CSendEmail-CUrl-CNologon-,CSCSCUCN
CSendEmail-CUrl-CNologon-Blogon-,CSCUCNBl
CUrl-CNologon-Blogon-BUrl-,CUCNBlBU
CNologon-Blogon-BUrl-BSendEmail-,CNBlBUBS
Blogon-BUrl-BSendEmail-BUrl-,BlBUBSBU
BUrl-BSendEmail-BUrl-CUrl-,BUBSBUCU
BSendEmail-BUrl-CUrl-CSendEmail-,BSBUCUCS
BUrl-CUrl-CSendEmail-CSendEmail-,BUCUCSCS
CUrl-CSendEmail-CSendEmail-CUrl-,CUCSCSCU
CSendEmail-CSendEmail-CUrl-CNologon-,CSCSCUCN
CSendEmail-CUrl-CNologon-Blogon-,CSCUCNBl
CUrl-CNologon-Blogon-BUrl-,CUCNBlBU
CNologon-Blogon-BUrl-CUrl-,CNBlBUCU
Blogon-BUrl-CUrl-CSendEmail-,BlBUCUCS
BUrl-CUrl-CSendEmail-CUrl-,BUCUCSCU
CUrl-CSendEmail-CUrl-CSendEmail-,CUCSCUCS
CSendEmail-CUrl-CSendEmail-CSendEmail-,CSCUCSCS
CUrl-CSendEmail-CSendEmail-CUrl-,CUCSCSCU
CSendEmail-CSendEmail-CUrl-CNologon-,CSCSCUCN
CSendEmail-CUrl-CNologon-Blogon-,CSCUCNBl
CUrl-CNologon-Blogon-BUrl-,CUCNBlBU
CNologon-Blogon-BUrl-CUrl-,CNBlBUCU
Blogon-BUrl-CUrl-CSendEmail-,BlBUCUCS
BUrl-CUrl-CSendEmail-CUrl-,BUCUCSCU
CUrl-CSendEmail-CUrl-CSendEmail-,CUCSCUCS
CSendEmail-CUrl-CSendEmail-CSendEmail-,CSCUCSCS
CUrl-CSendEmail-CSendEmail-CUrl-,CUCSCSCU
CSendEmail-CSendEmail-CUrl-CNologon-,CSCSCUCN
CSendEmail-CUrl-CNologon-Blogon-,CSCUCNBl
CUrl-CNologon-Blogon-BUrl-,CUCNBlBU
CNologon-Blogon-BUrl-BSendEmail-,CNBlBUBS
Blogon-BUrl-BSendEmail-BSendEmail-,BlBUBSBS
BUrl-BSendEmail-BSendEmail-BSendEmail-,BUBSBSBS
BSendEmail-BSendEmail-BSendEmail-BUrl-,BSBSBSBU
BSendEmail-BSendEmail-BUrl-CUrl-,BSBSBUCU
BSendEmail-BUrl-CUrl-CNologon-,BSBUCUCN
BUrl-CUrl-CNologon-Blogon-,BUCUCNBl
CUrl-CNologon-Blogon-BSendEmail-,CUCNBlBS
CNologon-Blogon-BSendEmail-BUrl-,CNBlBSBU
Blogon-BSendEmail-BUrl-CUrl-,BlBSBUCU
BSendEmail-BUrl-CUrl-CSendEmail-,BSBUCUCS
BUrl-CUrl-CSendEmail-CSendEmail-,BUCUCSCS
CUrl-CSendEmail-CSendEmail-CUrl-,CUCSCSCU
CSendEmail-CSendEmail-CUrl-CNologon-,CSCSCUCN
CSendEmail-CUrl-CNologon-Blogon-,CSCUCNBl
CUrl-CNologon-Blogon-BUrl-,CUCNBlBU
CNologon-Blogon-BUrl-BSendEmail-,CNBlBUBS
Blogon-BUrl-BSendEmail-BUrl-,BlBUBSBU
BUrl-BSendEmail-BUrl-BSendEmail-,BUBSBUBS
BSendEmail-BUrl-BSendEmail-BUrl-,BSBUBSBU
BUrl-BSendEmail-BUrl-CUrl-,BUBSBUCU
BSendEmail-BUrl-CUrl-CSendEmail-,BSBUCUCS
BUrl-CUrl-CSendEmail-CUrl-,BUCUCSCU
CUrl-CSendEmail-CUrl-CNologon-,CUCSCUCN
CSendEmail-CUrl-CNologon-Blogon-,CSCUCNBl
CUrl-CNologon-Blogon-BUrl-,CUCNBlBU
CNologon-Blogon-BUrl-CUrl-,CNBlBUCU
Blogon-BUrl-CUrl-CSendEmail-,BlBUCUCS
BUrl-CUrl-CSendEmail-CUrl-,BUCUCSCU
CUrl-CSendEmail-CUrl-CSendEmail-,CUCSCUCS
CSendEmail-CUrl-CSendEmail-CUrl-,CSCUCSCU
CUrl-CSendEmail-CUrl-CSendEmail-,CUCSCUCS
CSendEmail-CUrl-CSendEmail-CNologon-,CSCUCSCN
CUrl-CSendEmail-CNologon-Blogon-,CUCSCNBl
CSendEmail-CNologon-Blogon-BUrl-,CSCNBlBU
CNologon-Blogon-BUrl-CUrl-,CNBlBUCU
Blogon-BUrl-CUrl-CSendEmail-,BlBUCUCS
BUrl-CUrl-CSendEmail-CUrl-,BUCUCSCU
CUrl-CSendEmail-CUrl-CSendEmail-,CUCSCUCS
CSendEmail-CUrl-CSendEmail-CSendEmail-,CSCUCSCS
CUrl-CSendEmail-CSendEmail-CUrl-,CUCSCSCU
CSendEmail-CSendEmail-CUrl-CNologon-,CSCSCUCN
CSendEmail-CUrl-CNologon-Blogon-,CSCUCNBl
CUrl-CNologon-Blogon-BUrl-,CUCNBlBU
CNologon-Blogon-BUrl-CUrl-,CNBlBUCU
Blogon-BUrl-CUrl-CSendEmail-,BlBUCUCS
BUrl-CUrl-CSendEmail-CSendEmail-,BUCUCSCS
CUrl-CSendEmail-CSendEmail-CUrl-,CUCSCSCU
CSendEmail-CSendEmail-CUrl-CSendEmail-,CSCSCUCS
CSendEmail-CUrl-CSendEmail-CUrl-,CSCUCSCU
CUrl-CSendEmail-CUrl-CNologon-,CUCSCUCN
CSendEmail-CUrl-CNologon-Blogon-,CSCUCNBl
CUrl-CNologon-Blogon-BUrl-,CUCNBlBU
CNologon-Blogon-BUrl-CUrl-,CNBlBUCU
Blogon-BUrl-CUrl-CSendEmail-,BlBUCUCS
BUrl-CUrl-CSendEmail-CSendEmail-,BUCUCSCS
CUrl-CSendEmail-CSendEmail-CSendEmail-,CUCSCSCS
CSendEmail-CSendEmail-CSendEmail-CUrl-,CSCSCSCU
CSendEmail-CSendEmail-CUrl-CNologon-,CSCSCUCN
CSendEmail-CUrl-CNologon-Blogon-,CSCUCNBl
CUrl-CNologon-Blogon-BSendEmail-,CUCNBlBS
CNologon-Blogon-BSendEmail-BUrl-,CNBlBSBU
Blogon-BSendEmail-BUrl-BSendEmail-,BlBSBUBS
BSendEmail-BUrl-BSendEmail-BUrl-,BSBUBSBU
BUrl-BSendEmail-BUrl-CUrl-,BUBSBUCU
BSendEmail-BUrl-CUrl-CSendEmail-,BSBUCUCS
BUrl-CUrl-CSendEmail-CUrl-,BUCUCSCU
CUrl-CSendEmail-CUrl-CNologon-,CUCSCUCN
CSendEmail-CUrl-CNologon-Blogon-,CSCUCNBl
CUrl-CNologon-Blogon-BUrl-,CUCNBlBU
CNologon-Blogon-BUrl-CUrl-,CNBlBUCU
Blogon-BUrl-CUrl-CSendEmail-,BlBUCUCS
BUrl-CUrl-CSendEmail-CUrl-,BUCUCSCU
CUrl-CSendEmail-CUrl-CNologon-,CUCSCUCN
CSendEmail-CUrl-CNologon-Blogon-,CSCUCNBl
CUrl-CNologon-Blogon-BSendEmail-,CUCNBlBS
CNologon-Blogon-BSendEmail-BSendEmail-,CNBlBSBS
Blogon-BSendEmail-BSendEmail-BUrl-,BlBSBSBU
BSendEmail-BSendEmail-BUrl-CUrl-,BSBSBUCU
BSendEmail-BUrl-CUrl-CSendEmail-,BSBUCUCS
BUrl-CUrl-CSendEmail-CUrl-,BUCUCSCU
CUrl-CSendEmail-CUrl-CNologon-,CUCSCUCN
CSendEmail-CUrl-CNologon-Blogon-,CSCUCNBl
CUrl-CNologon-Blogon-BUrl-,CUCNBlBU
CNologon-Blogon-BUrl-BSendEmail-,CNBlBUBS
Blogon-BUrl-BSendEmail-BUrl-,BlBUBSBU
BUrl-BSendEmail-BUrl-CUrl-,BUBSBUCU
BSendEmail-BUrl-CUrl-CSendEmail-,BSBUCUCS
BUrl-CUrl-CSendEmail-CUrl-,BUCUCSCU
CUrl-CSendEmail-CUrl-CSendEmail-,CUCSCUCS
CSendEmail-CUrl-CSendEmail-CUrl-,CSCUCSCU
CUrl-CSendEmail-CUrl-CNologon-,CUCSCUCN
CSendEmail-CUrl-CNologon-Blogon-,CSCUCNBl
CUrl-CNologon-Blogon-BUrl-,CUCNBlBU
CNologon-Blogon-BUrl-CUrl-,CNBlBUCU
Blogon-BUrl-CUrl-CSendEmail-,BlBUCUCS
BUrl-CUrl-CSendEmail-CUrl-,BUCUCSCU
CUrl-CSendEmail-CUrl-CSendEmail-,CUCSCUCS
CSendEmail-CUrl-CSendEmail-CUrl-,CSCUCSCU
CUrl-CSendEmail-CUrl-CSendEmail-,CUCSCUCS
CSendEmail-CUrl-CSendEmail-CUrl-,CSCUCSCU
CUrl-CSendEmail-CUrl-CNologon-,CUCSCUCN
CSendEmail-CUrl-CNologon-Blogon-,CSCUCNBl
CUrl-CNologon-Blogon-BUrl-,CUCNBlBU
CNologon-Blogon-BUrl-BSendEmail-,CNBlBUBS
Blogon-BUrl-BSendEmail-BUrl-,BlBUBSBU
BUrl-BSendEmail-BUrl-BSendEmail-,BUBSBUBS
BSendEmail-BUrl-BSendEmail-BSendEmail-,BSBUBSBS
BUrl-BSendEmail-BSendEmail-BUrl-,BUBSBSBU
BSendEmail-BSendEmail-BUrl-CUrl-,BSBSBUCU
BSendEmail-BUrl-CUrl-CNologon-,BSBUCUCN
BUrl-CUrl-CNologon-Blogon-,BUCUCNBl
CUrl-CNologon-Blogon-BUrl-,CUCNBlBU
CNologon-Blogon-BUrl-BSendEmail-,CNBlBUBS
Blogon-BUrl-BSendEmail-BUrl-,BlBUBSBU
BUrl-BSendEmail-BUrl-BSendEmail-,BUBSBUBS
BSendEmail-BUrl-BSendEmail-BUrl-,BSBUBSBU
BUrl-BSendEmail-BUrl-BSendEmail-,BUBSBUBS
BSendEmail-BUrl-BSendEmail-BUrl-,BSBUBSBU
BUrl-BSendEmail-BUrl-CUrl-,BUBSBUCU
BSendEmail-BUrl-CUrl-CNologon-,BSBUCUCN
BUrl-CUrl-CNologon-Blogon-,BUCUCNBl
CUrl-CNologon-Blogon-BSendEmail-,CUCNBlBS
CNologon-Blogon-BSendEmail-BSendEmail-,CNBlBSBS
Blogon-BSendEmail-BSendEmail-BUrl-,BlBSBSBU
BSendEmail-BSendEmail-BUrl-BSendEmail-,BSBSBUBS
BSendEmail-BUrl-BSendEmail-BUrl-,BSBUBSBU
BUrl-BSendEmail-BUrl-CUrl-,BUBSBUCU
BSendEmail-BUrl-CUrl-CNologon-,BSBUCUCN
BUrl-CUrl-CNologon-Blogon-,BUCUCNBl
CUrl-CNologon-Blogon-BUrl-,CUCNBlBU
CNologon-Blogon-BUrl-BSendEmail-,CNBlBUBS
Blogon-BUrl-BSendEmail-BUrl-,BlBUBSBU
BUrl-BSendEmail-BUrl-CUrl-,BUBSBUCU
BSendEmail-BUrl-CUrl-CSendEmail-,BSBUCUCS
BUrl-CUrl-CSendEmail-CUrl-,BUCUCSCU
CUrl-CSendEmail-CUrl-CSendEmail-,CUCSCUCS
CSendEmail-CUrl-CSendEmail-CNologon-,CSCUCSCN
CUrl-CSendEmail-CNologon-Blogon-,CUCSCNBl
CSendEmail-CNologon-Blogon-BUrl-,CSCNBlBU
CNologon-Blogon-BUrl-CUrl-,CNBlBUCU
Blogon-BUrl-CUrl-CSendEmail-,BlBUCUCS
BUrl-CUrl-CSendEmail-CSendEmail-,BUCUCSCS
CUrl-CSendEmail-CSendEmail-CUrl-,CUCSCSCU
CSendEmail-CSendEmail-CUrl-CSendEmail-,CSCSCUCS
CSendEmail-CUrl-CSendEmail-CUrl-,CSCUCSCU
CUrl-CSendEmail-CUrl-CNologon-,CUCSCUCN
CSendEmail-CUrl-CNologon-Blogon-,CSCUCNBl
CUrl-CNologon-Blogon-BUrl-,CUCNBlBU
CNologon-Blogon-BUrl-BSendEmail-,CNBlBUBS
Blogon-BUrl-BSendEmail-BSendEmail-,BlBUBSBS
BUrl-BSendEmail-BSendEmail-BSendEmail-,BUBSBSBS
BSendEmail-BSendEmail-BSendEmail-BUrl-,BSBSBSBU
BSendEmail-BSendEmail-BUrl-CUrl-,BSBSBUCU
BSendEmail-BUrl-CUrl-CNologon-,BSBUCUCN
BUrl-CUrl-CNologon-Blogon-,BUCUCNBl
CUrl-CNologon-Blogon-BUrl-,CUCNBlBU
CNologon-Blogon-BUrl-BSendEmail-,CNBlBUBS
Blogon-BUrl-BSendEmail-BUrl-,BlBUBSBU
BUrl-BSendEmail-BUrl-BSendEmail-,BUBSBUBS
BSendEmail-BUrl-BSendEmail-BSendEmail-,BSBUBSBS
BUrl-BSendEmail-BSendEmail-BUrl-,BUBSBSBU
BSendEmail-BSendEmail-BUrl-CUrl-,BSBSBUCU
BSendEmail-BUrl-CUrl-CNologon-,BSBUCUCN
BUrl-CUrl-CNologon-Blogon-,BUCUCNBl
CUrl-CNologon-Blogon-BUrl-,CUCNBlBU
CNologon-Blogon-BUrl-BSendEmail-,CNBlBUBS
Blogon-BUrl-BSendEmail-CSendEmail-,BlBUBSCS
BUrl-BSendEmail-CSendEmail-CUrl-,BUBSCSCU
BSendEmail-CSendEmail-CUrl-CSendEmail-,BSCSCUCS
CSendEmail-CUrl-CSendEmail-CUrl-,CSCUCSCU
CUrl-CSendEmail-CUrl-CNologon-,CUCSCUCN
CSendEmail-CUrl-CNologon-Blogon-,CSCUCNBl
CUrl-CNologon-Blogon-BSendEmail-,CUCNBlBS
CNologon-Blogon-BSendEmail-BUrl-,CNBlBSBU
Blogon-BSendEmail-BUrl-CUrl-,BlBSBUCU
BSendEmail-BUrl-CUrl-CSendEmail-,BSBUCUCS
BUrl-CUrl-CSendEmail-CUrl-,BUCUCSCU
CUrl-CSendEmail-CUrl-CSendEmail-,CUCSCUCS
CSendEmail-CUrl-CSendEmail-CUrl-,CSCUCSCU
CUrl-CSendEmail-CUrl-CNologon-,CUCSCUCN
CSendEmail-CUrl-CNologon-Blogon-,CSCUCNBl
CUrl-CNologon-Blogon-BUrl-,CUCNBlBU
CNologon-Blogon-BUrl-CUrl-,CNBlBUCU
Blogon-BUrl-CUrl-CSendEmail-,BlBUCUCS
BUrl-CUrl-CSendEmail-CSendEmail-,BUCUCSCS
CUrl-CSendEmail-CSendEmail-CUrl-,CUCSCSCU
CSendEmail-CSendEmail-CUrl-CSendEmail-,CSCSCUCS
CSendEmail-CUrl-CSendEmail-CUrl-,CSCUCSCU
CUrl-CSendEmail-CUrl-CNologon-,CUCSCUCN
CSendEmail-CUrl-CNologon-Blogon-,CSCUCNBl
CUrl-CNologon-Blogon-BUrl-,CUCNBlBU
CNologon-Blogon-BUrl-BSendEmail-,CNBlBUBS
Blogon-BUrl-BSendEmail-BSendEmail-,BlBUBSBS
BUrl-BSendEmail-BSendEmail-BSendEmail-,BUBSBSBS
BSendEmail-BSendEmail-BSendEmail-BUrl-,BSBSBSBU
BSendEmail-BSendEmail-BUrl-CUrl-,BSBSBUCU
BSendEmail-BUrl-CUrl-CNologon-,BSBUCUCN
BUrl-CUrl-CNologon-Blogon-,BUCUCNBl
CUrl-CNologon-Blogon-BUrl-,CUCNBlBU
CNologon-Blogon-BUrl-CSendEmail-,CNBlBUCS
Blogon-BUrl-CSendEmail-CUrl-,BlBUCSCU
BUrl-CSendEmail-CUrl-CSendEmail-,BUCSCUCS
CSendEmail-CUrl-CSendEmail-CUrl-,CSCUCSCU
CUrl-CSendEmail-CUrl-CSendEmail-,CUCSCUCS
CSendEmail-CUrl-CSendEmail-CUrl-,CSCUCSCU
CUrl-CSendEmail-CUrl-CNologon-,CUCSCUCN
CSendEmail-CUrl-CNologon-Blogon-,CSCUCNBl
CUrl-CNologon-Blogon-BUrl-,CUCNBlBU
CNologon-Blogon-BUrl-BSendEmail-,CNBlBUBS
Blogon-BUrl-BSendEmail-BUrl-,BlBUBSBU
BUrl-BSendEmail-BUrl-BSendEmail-,BUBSBUBS
BSendEmail-BUrl-BSendEmail-BUrl-,BSBUBSBU
BUrl-BSendEmail-BUrl-BSendEmail-,BUBSBUBS
BSendEmail-BUrl-BSendEmail-BUrl-,BSBUBSBU
BUrl-BSendEmail-BUrl-CUrl-,BUBSBUCU
BSendEmail-BUrl-CUrl-CNologon-,BSBUCUCN
BUrl-CUrl-CNologon-Blogon-,BUCUCNBl
CUrl-CNologon-Blogon-BUrl-,CUCNBlBU
CNologon-Blogon-BUrl-BSendEmail-,CNBlBUBS
Blogon-BUrl-BSendEmail-BUrl-,BlBUBSBU
BUrl-BSendEmail-BUrl-BSendEmail-,BUBSBUBS
BSendEmail-BUrl-BSendEmail-BUrl-,BSBUBSBU
BUrl-BSendEmail-BUrl-BSendEmail-,BUBSBUBS
BSendEmail-BUrl-BSendEmail-CUrl-,BSBUBSCU
BUrl-BSendEmail-CUrl-CNologon-,BUBSCUCN
BSendEmail-CUrl-CNologon-Blogon-,BSCUCNBl
CUrl-CNologon-Blogon-BUrl-,CUCNBlBU
CNologon-Blogon-BUrl-BSendEmail-,CNBlBUBS
Blogon-BUrl-BSendEmail-BUrl-,BlBUBSBU
BUrl-BSendEmail-BUrl-BSendEmail-,BUBSBUBS
BSendEmail-BUrl-BSendEmail-BUrl-,BSBUBSBU
BUrl-BSendEmail-BUrl-CUrl-,BUBSBUCU
BSendEmail-BUrl-CUrl-CSendEmail-,BSBUCUCS
BUrl-CUrl-CSendEmail-CUrl-,BUCUCSCU
CUrl-CSendEmail-CUrl-CNologon-,CUCSCUCN
CSendEmail-CUrl-CNologon-Blogon-,CSCUCNBl
CUrl-CNologon-Blogon-BUrl-,CUCNBlBU
CNologon-Blogon-BUrl-BSendEmail-,CNBlBUBS
Blogon-BUrl-BSendEmail-BSendEmail-,BlBUBSBS
BUrl-BSendEmail-BSendEmail-BUrl-,BUBSBSBU
BSendEmail-BSendEmail-BUrl-BSendEmail-,BSBSBUBS
BSendEmail-BUrl-BSendEmail-BUrl-,BSBUBSBU
BUrl-BSendEmail-BUrl-CUrl-,BUBSBUCU
BSendEmail-BUrl-CUrl-CNologon-,BSBUCUCN
BUrl-CUrl-CNologon-Blogon-,BUCUCNBl
CUrl-CNologon-Blogon-BUrl-,CUCNBlBU
CNologon-Blogon-BUrl-BSendEmail-,CNBlBUBS
Blogon-BUrl-BSendEmail-BUrl-,BlBUBSBU
BUrl-BSendEmail-BUrl-BSendEmail-,BUBSBUBS
BSendEmail-BUrl-BSendEmail-BUrl-,BSBUBSBU
BUrl-BSendEmail-BUrl-CUrl-,BUBSBUCU
BSendEmail-BUrl-CUrl-CSendEmail-,BSBUCUCS
BUrl-CUrl-CSendEmail-CNologon-,BUCUCSCN
CUrl-CSendEmail-CNologon-Blogon-,CUCSCNBl
CSendEmail-CNologon-Blogon-BUrl-,CSCNBlBU
CNologon-Blogon-BUrl-CUrl-,CNBlBUCU
Blogon-BUrl-CUrl-CSendEmail-,BlBUCUCS
BUrl-CUrl-CSendEmail-CUrl-,BUCUCSCU
CUrl-CSendEmail-CUrl-CSendEmail-,CUCSCUCS
CSendEmail-CUrl-CSendEmail-CSendEmail-,CSCUCSCS
CUrl-CSendEmail-CSendEmail-CUrl-,CUCSCSCU
CSendEmail-CSendEmail-CUrl-CNologon-,CSCSCUCN
CSendEmail-CUrl-CNologon-Blogon-,CSCUCNBl
CUrl-CNologon-Blogon-BUrl-,CUCNBlBU
CNologon-Blogon-BUrl-BSendEmail-,CNBlBUBS
Blogon-BUrl-BSendEmail-BSendEmail-,BlBUBSBS
BUrl-BSendEmail-BSendEmail-BSendEmail-,BUBSBSBS
BSendEmail-BSendEmail-BSendEmail-BUrl-,BSBSBSBU
BSendEmail-BSendEmail-BUrl-CUrl-,BSBSBUCU
BSendEmail-BUrl-CUrl-CNologon-,BSBUCUCN
BUrl-CUrl-CNologon-Blogon-,BUCUCNBl
CUrl-CNologon-Blogon-BUrl-,CUCNBlBU
CNologon-Blogon-BUrl-BSendEmail-,CNBlBUBS
Blogon-BUrl-BSendEmail-BUrl-,BlBUBSBU
BUrl-BSendEmail-BUrl-BSendEmail-,BUBSBUBS
BSendEmail-BUrl-BSendEmail-BSendEmail-,BSBUBSBS
BUrl-BSendEmail-BSendEmail-BUrl-,BUBSBSBU
BSendEmail-BSendEmail-BUrl-CUrl-,BSBSBUCU
BSendEmail-BUrl-CUrl-CNologon-,BSBUCUCN
BUrl-CUrl-CNologon-Blogon-,BUCUCNBl
CUrl-CNologon-Blogon-BUrl-,CUCNBlBU
CNologon-Blogon-BUrl-BSendEmail-,CNBlBUBS
Blogon-BUrl-BSendEmail-BUrl-,BlBUBSBU
BUrl-BSendEmail-BUrl-BSendEmail-,BUBSBUBS
BSendEmail-BUrl-BSendEmail-BUrl-,BSBUBSBU
BUrl-BSendEmail-BUrl-CUrl-,BUBSBUCU
BSendEmail-BUrl-CUrl-CNologon-,BSBUCUCN
BUrl-CUrl-CNologon-Blogon-,BUCUCNBl
CUrl-CNologon-Blogon-BUrl-,CUCNBlBU
CNologon-Blogon-BUrl-CUrl-,CNBlBUCU
Blogon-BUrl-CUrl-CSendEmail-,BlBUCUCS
BUrl-CUrl-CSendEmail-CSendEmail-,BUCUCSCS
CUrl-CSendEmail-CSendEmail-CSendEmail-,CUCSCSCS
CSendEmail-CSendEmail-CSendEmail-CUrl-,CSCSCSCU
CSendEmail-CSendEmail-CUrl-CNologon-,CSCSCUCN
CSendEmail-CUrl-CNologon-Blogon-,CSCUCNBl
CUrl-CNologon-Blogon-BUrl-,CUCNBlBU
CNologon-Blogon-BUrl-CUrl-,CNBlBUCU
Blogon-BUrl-CUrl-CSendEmail-,BlBUCUCS
BUrl-CUrl-CSendEmail-CUrl-,BUCUCSCU
CUrl-CSendEmail-CUrl-CSendEmail-,CUCSCUCS
CSendEmail-CUrl-CSendEmail-CSendEmail-,CSCUCSCS
CUrl-CSendEmail-CSendEmail-CUrl-,CUCSCSCU
CSendEmail-CSendEmail-CUrl-CNologon-,CSCSCUCN
CSendEmail-CUrl-CNologon-Blogon-,CSCUCNBl
CUrl-CNologon-Blogon-BUrl-,CUCNBlBU
CNologon-Blogon-BUrl-CUrl-,CNBlBUCU
Blogon-BUrl-CUrl-CSendEmail-,BlBUCUCS
BUrl-CUrl-CSendEmail-CUrl-,BUCUCSCU
CUrl-CSendEmail-CUrl-CSendEmail-,CUCSCUCS
CSendEmail-CUrl-CSendEmail-CSendEmail-,CSCUCSCS
CUrl-CSendEmail-CSendEmail-CUrl-,CUCSCSCU
CSendEmail-CSendEmail-CUrl-CNologon-,CSCSCUCN
CSendEmail-CUrl-CNologon-Blogon-,CSCUCNBl
CUrl-CNologon-Blogon-BUrl-,CUCNBlBU
CNologon-Blogon-BUrl-CUrl-,CNBlBUCU
Blogon-BUrl-CUrl-CSendEmail-,BlBUCUCS
BUrl-CUrl-CSendEmail-CUrl-,BUCUCSCU
CUrl-CSendEmail-CUrl-CSendEmail-,CUCSCUCS
CSendEmail-CUrl-CSendEmail-CUrl-,CSCUCSCU
CUrl-CSendEmail-CUrl-CSendEmail-,CUCSCUCS
CSendEmail-CUrl-CSendEmail-CUrl-,CSCUCSCU
CUrl-CSendEmail-CUrl-CNologon-,CUCSCUCN
CSendEmail-CUrl-CNologon-Blogon-,CSCUCNBl
CUrl-CNologon-Blogon-BUrl-,CUCNBlBU
CNologon-Blogon-BUrl-BSendEmail-,CNBlBUBS
Blogon-BUrl-BSendEmail-BSendEmail-,BlBUBSBS
BUrl-BSendEmail-BSendEmail-BUrl-,BUBSBSBU
BSendEmail-BSendEmail-BUrl-BSendEmail-,BSBSBUBS
BSendEmail-BUrl-BSendEmail-BUrl-,BSBUBSBU
BUrl-BSendEmail-BUrl-CUrl-,BUBSBUCU
BSendEmail-BUrl-CUrl-CNologon-,BSBUCUCN
BUrl-CUrl-CNologon-Blogon-,BUCUCNBl
CUrl-CNologon-Blogon-BUrl-,CUCNBlBU
CNologon-Blogon-BUrl-CUrl-,CNBlBUCU
Blogon-BUrl-CUrl-CSendEmail-,BlBUCUCS
BUrl-CUrl-CSendEmail-CUrl-,BUCUCSCU
CUrl-CSendEmail-CUrl-CSendEmail-,CUCSCUCS
CSendEmail-CUrl-CSendEmail-CSendEmail-,CSCUCSCS
CUrl-CSendEmail-CSendEmail-CUrl-,CUCSCSCU
CSendEmail-CSendEmail-CUrl-CNologon-,CSCSCUCN
CSendEmail-CUrl-CNologon-Blogon-,CSCUCNBl
CUrl-CNologon-Blogon-BUrl-,CUCNBlBU
CNologon-Blogon-BUrl-CUrl-,CNBlBUCU
Blogon-BUrl-CUrl-CSendEmail-,BlBUCUCS
BUrl-CUrl-CSendEmail-CUrl-,BUCUCSCU
CUrl-CSendEmail-CUrl-CSendEmail-,CUCSCUCS
CSendEmail-CUrl-CSendEmail-CSendEmail-,CSCUCSCS
CUrl-CSendEmail-CSendEmail-CUrl-,CUCSCSCU
CSendEmail-CSendEmail-CUrl-CNologon-,CSCSCUCN
CSendEmail-CUrl-CNologon-Blogon-,CSCUCNBl
CUrl-CNologon-Blogon-BUrl-,CUCNBlBU
CNologon-Blogon-BUrl-BSendEmail-,CNBlBUBS
Blogon-BUrl-BSendEmail-BUrl-,BlBUBSBU
BUrl-BSendEmail-BUrl-BSendEmail-,BUBSBUBS
BSendEmail-BUrl-BSendEmail-BSendEmail-,BSBUBSBS
BUrl-BSendEmail-BSendEmail-BUrl-,BUBSBSBU
BSendEmail-BSendEmail-BUrl-CUrl-,BSBSBUCU
BSendEmail-BUrl-CUrl-CNologon-,BSBUCUCN
BUrl-CUrl-CNologon-Blogon-,BUCUCNBl
CUrl-CNologon-Blogon-BUrl-,CUCNBlBU
CNologon-Blogon-BUrl-BSendEmail-,CNBlBUBS
Blogon-BUrl-BSendEmail-CUrl-,BlBUBSCU
BUrl-BSendEmail-CUrl-CSendEmail-,BUBSCUCS
BSendEmail-CUrl-CSendEmail-CUrl-,BSCUCSCU
CUrl-CSendEmail-CUrl-CSendEmail-,CUCSCUCS
CSendEmail-CUrl-CSendEmail-CUrl-,CSCUCSCU
CUrl-CSendEmail-CUrl-CNologon-,CUCSCUCN
CSendEmail-CUrl-CNologon-Blogon-,CSCUCNBl
CUrl-CNologon-Blogon-BUrl-,CUCNBlBU
CNologon-Blogon-BUrl-CUrl-,CNBlBUCU
Blogon-BUrl-CUrl-CSendEmail-,BlBUCUCS
BUrl-CUrl-CSendEmail-CUrl-,BUCUCSCU
CUrl-CSendEmail-CUrl-CSendEmail-,CUCSCUCS
CSendEmail-CUrl-CSendEmail-CUrl-,CSCUCSCU
CUrl-CSendEmail-CUrl-CSendEmail-,CUCSCUCS
CSendEmail-CUrl-CSendEmail-CUrl-,CSCUCSCU
CUrl-CSendEmail-CUrl-CNologon-,CUCSCUCN
CSendEmail-CUrl-CNologon-Blogon-,CSCUCNBl
CUrl-CNologon-Blogon-BUrl-,CUCNBlBU
CNologon-Blogon-BUrl-BSendEmail-,CNBlBUBS
Blogon-BUrl-BSendEmail-BUrl-,BlBUBSBU
BUrl-BSendEmail-BUrl-BSendEmail-,BUBSBUBS
BSendEmail-BUrl-BSendEmail-BSendEmail-,BSBUBSBS
BUrl-BSendEmail-BSendEmail-BUrl-,BUBSBSBU
BSendEmail-BSendEmail-BUrl-CUrl-,BSBSBUCU
BSendEmail-BUrl-CUrl-CNologon-,BSBUCUCN
BUrl-CUrl-CNologon-Blogon-,BUCUCNBl
CUrl-CNologon-Blogon-BUrl-,CUCNBlBU
CNologon-Blogon-BUrl-CUrl-,CNBlBUCU
Blogon-BUrl-CUrl-CSendEmail-,BlBUCUCS
BUrl-CUrl-CSendEmail-CUrl-,BUCUCSCU
CUrl-CSendEmail-CUrl-CSendEmail-,CUCSCUCS
CSendEmail-CUrl-CSendEmail-CUrl-,CSCUCSCU
CUrl-CSendEmail-CUrl-CSendEmail-,CUCSCUCS
CSendEmail-CUrl-CSendEmail-CUrl-,CSCUCSCU
CUrl-CSendEmail-CUrl-CNologon-,CUCSCUCN
CSendEmail-CUrl-CNologon-Blogon-,CSCUCNBl
CUrl-CNologon-Blogon-BUrl-,CUCNBlBU
CNologon-Blogon-BUrl-BSendEmail-,CNBlBUBS
Blogon-BUrl-BSendEmail-BUrl-,BlBUBSBU
BUrl-BSendEmail-BUrl-BSendEmail-,BUBSBUBS
BSendEmail-BUrl-BSendEmail-BUrl-,BSBUBSBU
BUrl-BSendEmail-BUrl-BSendEmail-,BUBSBUBS
BSendEmail-BUrl-BSendEmail-BUrl-,BSBUBSBU
BUrl-BSendEmail-BUrl-CUrl-,BUBSBUCU
BSendEmail-BUrl-CUrl-CNologon-,BSBUCUCN
BUrl-CUrl-CNologon-Blogon-,BUCUCNBl
CUrl-CNologon-Blogon-BUrl-,CUCNBlBU
CNologon-Blogon-BUrl-CSendEmail-,CNBlBUCS
Blogon-BUrl-CSendEmail-CUrl-,BlBUCSCU
BUrl-CSendEmail-CUrl-CSendEmail-,BUCSCUCS
CSendEmail-CUrl-CSendEmail-CSendEmail-,CSCUCSCS
CUrl-CSendEmail-CSendEmail-CUrl-,CUCSCSCU
